time,open,high,low,close,vol,time_stamp
1618455600000,62821.64,62983.05,62660.01,62929.99,442.922707,2021-04-15 03:00:00
1618456500000,62929.99,63153.07,62919.17,63117.26,439.813599,2021-04-15 03:15:00
1618457400000,63117.25,63243.64,62963.16,63122.27,581.656838,2021-04-15 03:30:00
1618458300000,63127.28,63194.43,62993.36,63056.61,491.937058,2021-04-15 03:45:00
1618459200000,63056.62,63345.79,63026.78,63308.2,463.963852,2021-04-15 04:00:00
1618460100000,63308.2,63460.22,63259.69,63324.53,527.450581,2021-04-15 04:15:00
1618461000000,63324.53,63376.46,63160.65,63210.92,446.567067,2021-04-15 04:30:00
1618461900000,63210.92,63210.92,62892.49,62950.08,482.991928,2021-04-15 04:45:00
1618462800000,62950.11,63072.0,62924.37,62984.67,326.973209,2021-04-15 05:00:00
1618463700000,62984.67,62984.67,62706.4,62781.26,564.88842,2021-04-15 05:15:00
1618464600000,62781.26,62986.76,62747.35,62921.72,333.860472,2021-04-15 05:30:00
1618465500000,62921.72,63288.87,62917.12,63109.5,441.774505,2021-04-15 05:45:00
1618466400000,63109.49,63299.0,63109.49,63235.5,388.097758,2021-04-15 06:00:00
1618467300000,63235.5,63298.98,62974.97,62993.85,450.961493,2021-04-15 06:15:00
1618468200000,62993.84,63053.78,62829.05,62865.97,397.980304,2021-04-15 06:30:00
1618469100000,62865.96,62998.87,62721.16,62936.19,545.378195,2021-04-15 06:45:00
1618470000000,62936.18,63200.0,62936.18,63123.4,488.350062,2021-04-15 07:00:00
1618470900000,63123.41,63140.64,62762.26,63048.79,459.61544,2021-04-15 07:15:00
1618471800000,63048.78,63076.36,62770.45,62788.46,536.478034,2021-04-15 07:30:00
1618472700000,62791.06,62971.85,62751.36,62842.56,472.187473,2021-04-15 07:45:00
1618473600000,62842.56,63137.92,62835.94,62875.01,525.956313,2021-04-15 08:00:00
1618474500000,62875.0,62905.63,62551.22,62678.35,634.222122,2021-04-15 08:15:00
1618475400000,62678.35,62817.73,62560.02,62782.73,404.36604,2021-04-15 08:30:00
1618476300000,62778.34,62827.05,62501.14,62615.33,594.231143,2021-04-15 08:45:00
1618477200000,62615.32,62749.99,62492.46,62675.77,502.587537,2021-04-15 09:00:00
1618478100000,62675.77,62789.99,62630.0,62705.01,452.244304,2021-04-15 09:15:00
1618479000000,62706.02,62829.36,62571.71,62621.81,571.271142,2021-04-15 09:30:00
1618479900000,62621.81,62673.59,62501.04,62615.42,432.64371,2021-04-15 09:45:00
1618480800000,62615.41,62732.78,62570.0,62573.65,413.793531,2021-04-15 10:00:00
1618481700000,62577.9,62633.53,62300.0,62400.0,717.600192,2021-04-15 10:15:00
1618482600000,62399.99,62525.23,62251.01,62521.91,471.692887,2021-04-15 10:30:00
1618483500000,62521.91,62527.81,62151.0,62154.24,604.444109,2021-04-15 10:45:00
1618484400000,62159.57,62282.21,62020.0,62174.09,838.181643,2021-04-15 11:00:00
1618485300000,62174.39,62405.63,62167.25,62351.24,587.061103,2021-04-15 11:15:00
1618486200000,62351.24,62470.18,62264.21,62404.64,428.29226,2021-04-15 11:30:00
1618487100000,62406.59,62480.35,62310.31,62361.12,337.506038,2021-04-15 11:45:00
1618488000000,62359.11,62645.68,62347.36,62592.01,525.758283,2021-04-15 12:00:00
1618488900000,62592.0,62645.99,62506.09,62638.19,376.588388,2021-04-15 12:15:00
1618489800000,62638.14,62737.08,62600.0,62722.41,390.268204,2021-04-15 12:30:00
1618490700000,62721.74,62737.76,62549.75,62635.71,454.577291,2021-04-15 12:45:00
1618491600000,62637.79,62785.0,62604.12,62709.07,554.183546,2021-04-15 13:00:00
1618492500000,62709.08,62928.58,62700.32,62822.38,614.283691,2021-04-15 13:15:00
1618493400000,62822.39,63042.91,62791.92,63022.2,615.761355,2021-04-15 13:30:00
1618494300000,63022.2,63074.05,62863.66,62918.66,621.154772,2021-04-15 13:45:00
1618495200000,62918.66,62993.53,62688.0,62791.89,562.443689,2021-04-15 14:00:00
1618496100000,62791.88,62876.14,62680.09,62797.5,469.439464,2021-04-15 14:15:00
1618497000000,62797.5,62900.0,62660.0,62667.98,571.862922,2021-04-15 14:30:00
1618497900000,62667.98,62755.88,62544.78,62627.28,582.821901,2021-04-15 14:45:00
1618498800000,62627.28,62742.85,62434.11,62646.84,596.026742,2021-04-15 15:00:00
1618499700000,62646.85,62763.24,62410.01,62475.99,524.655637,2021-04-15 15:15:00
1618500600000,62475.99,62577.05,62384.79,62567.17,541.378243,2021-04-15 15:30:00
1618501500000,62567.18,62750.0,62520.0,62715.18,511.634998,2021-04-15 15:45:00
1618502400000,62715.17,62980.0,62588.46,62927.55,973.538124,2021-04-15 16:00:00
1618503300000,62927.84,62934.11,62639.44,62711.89,604.805759,2021-04-15 16:15:00
1618504200000,62717.78,62723.9,62470.37,62578.41,552.607789,2021-04-15 16:30:00
1618505100000,62578.41,62758.77,62574.96,62665.57,487.775222,2021-04-15 16:45:00
1618506000000,62665.57,62717.82,62393.31,62522.52,469.982528,2021-04-15 17:00:00
1618506900000,62522.53,62575.99,62337.09,62467.16,446.66137,2021-04-15 17:15:00
1618507800000,62467.16,62580.0,62308.0,62494.08,380.245557,2021-04-15 17:30:00
1618508700000,62494.08,62589.88,62455.79,62581.43,415.344592,2021-04-15 17:45:00
1618509600000,62581.42,62628.79,62500.41,62574.63,407.825871,2021-04-15 18:00:00
1618510500000,62574.62,62637.04,62521.24,62523.33,341.007862,2021-04-15 18:15:00
1618511400000,62525.76,62840.36,62522.83,62750.0,545.316186,2021-04-15 18:30:00
1618512300000,62750.0,62774.79,62687.51,62733.84,416.593717,2021-04-15 18:45:00
1618513200000,62733.84,62950.0,62726.02,62854.52,754.353712,2021-04-15 19:00:00
1618514100000,62854.53,63233.13,62834.42,63210.22,1115.282886,2021-04-15 19:15:00
1618515000000,63210.23,63300.0,63127.47,63299.46,1066.068421,2021-04-15 19:30:00
1618515900000,63299.45,63573.02,63295.27,63363.29,1113.748295,2021-04-15 19:45:00
1618516800000,63363.29,63521.53,63191.72,63229.31,1016.717145,2021-04-15 20:00:00
1618517700000,63229.31,63588.99,63183.63,63582.64,853.298979,2021-04-15 20:15:00
1618518600000,63582.65,63592.24,63310.11,63310.11,750.108827,2021-04-15 20:30:00
1618519500000,63310.12,63364.36,63181.37,63350.89,427.604787,2021-04-15 20:45:00
1618520400000,63350.88,63466.97,63300.0,63454.58,339.07988,2021-04-15 21:00:00
1618521300000,63454.58,63467.74,63226.72,63344.71,477.029084,2021-04-15 21:15:00
1618522200000,63344.71,63800.0,63318.7,63670.21,662.502184,2021-04-15 21:30:00
1618523100000,63671.04,63690.26,63300.04,63369.5,559.649085,2021-04-15 21:45:00
1618524000000,63369.51,63518.22,63286.91,63458.19,511.872283,2021-04-15 22:00:00
1618524900000,63458.19,63495.13,63182.8,63320.43,723.366927,2021-04-15 22:15:00
1618525800000,63320.42,63428.57,63251.21,63277.77,393.64508,2021-04-15 22:30:00
1618526700000,63275.41,63335.66,63179.2,63252.27,425.374191,2021-04-15 22:45:00
1618527600000,63252.27,63339.99,63200.22,63249.62,345.623974,2021-04-15 23:00:00
1618528500000,63249.62,63321.19,62963.78,63148.94,486.732444,2021-04-15 23:15:00
1618529400000,63150.11,63186.8,63001.73,63071.56,438.835823,2021-04-15 23:30:00
1618530300000,63071.55,63222.0,63071.55,63159.98,388.335449,2021-04-15 23:45:00
1618531200000,63158.74,63326.8,63035.71,63070.5,528.423429,2021-04-16 00:00:00
1618532100000,63070.49,63453.48,63042.64,63269.5,830.268436,2021-04-16 00:15:00
1618533000000,63269.51,63488.92,63269.5,63434.88,674.209945,2021-04-16 00:30:00
1618533900000,63434.87,63520.61,63353.7,63360.0,973.925541,2021-04-16 00:45:00
1618534800000,63360.0,63472.41,63141.45,63328.19,1017.422007,2021-04-16 01:00:00
1618535700000,63328.18,63350.78,63100.0,63205.17,1030.511422,2021-04-16 01:15:00
1618536600000,63205.17,63216.72,62750.0,62857.36,1203.660705,2021-04-16 01:30:00
1618537500000,62857.4,63153.84,62684.01,63015.01,766.670014,2021-04-16 01:45:00
1618538400000,63015.01,63079.7,62944.66,62972.02,478.232157,2021-04-16 02:00:00
1618539300000,62972.02,63211.7,62851.09,63203.59,853.506075,2021-04-16 02:15:00
1618540200000,63203.59,63203.59,62885.48,62956.58,1039.835715,2021-04-16 02:30:00
1618541100000,62956.58,63033.55,62727.62,62830.43,953.02843,2021-04-16 02:45:00
1618542000000,62830.42,62963.34,62716.8,62900.99,838.742231,2021-04-16 03:00:00
1618542900000,62900.99,63190.0,62829.23,63112.7,786.718221,2021-04-16 03:15:00
1618543800000,63112.7,63200.0,62941.82,62995.24,678.179214,2021-04-16 03:30:00
1618544700000,62995.24,63091.5,62867.34,62937.91,530.474491,2021-04-16 03:45:00
1618545600000,62942.41,62961.81,62555.55,62684.46,1010.435767,2021-04-16 04:00:00
1618546500000,62684.45,62772.71,62630.0,62701.1,439.325423,2021-04-16 04:15:00
1618547400000,62701.1,62716.14,61803.16,62022.62,2339.986742,2021-04-16 04:30:00
1618548300000,62022.63,62168.53,61500.0,61658.05,1534.085186,2021-04-16 04:45:00
1618549200000,61658.05,62128.57,61415.4,62014.4,1744.437547,2021-04-16 05:00:00
1618550100000,62014.41,62187.64,61917.76,62020.05,1155.288435,2021-04-16 05:15:00
1618551000000,62020.05,62064.4,61437.66,61866.16,1176.170319,2021-04-16 05:30:00
1618551900000,61863.17,61961.18,61640.06,61799.59,866.475209,2021-04-16 05:45:00
1618552800000,61804.04,61804.04,61100.0,61538.36,1805.507681,2021-04-16 06:00:00
1618553700000,61538.35,61581.91,61064.96,61341.15,1182.380769,2021-04-16 06:15:00
1618554600000,61341.15,61507.12,61057.5,61473.89,1385.334983,2021-04-16 06:30:00
1618555500000,61473.89,61576.3,61291.28,61455.69,955.304924,2021-04-16 06:45:00
1618556400000,61455.69,61455.69,61185.51,61361.19,788.985511,2021-04-16 07:00:00
1618557300000,61361.2,61487.97,61025.0,61443.15,1084.582484,2021-04-16 07:15:00
1618558200000,61443.15,61637.96,61385.85,61544.06,699.140959,2021-04-16 07:30:00
1618559100000,61544.05,61587.18,61301.57,61414.83,610.514424,2021-04-16 07:45:00
1618560000000,61414.88,61607.83,61150.01,61425.5,878.105058,2021-04-16 08:00:00
1618560900000,61425.49,61600.0,61424.64,61530.49,636.558991,2021-04-16 08:15:00
1618561800000,61530.48,61530.49,61201.03,61500.73,582.192034,2021-04-16 08:30:00
1618562700000,61500.73,61507.48,61122.0,61191.91,805.061048,2021-04-16 08:45:00
1618563600000,61193.23,61264.46,60627.39,60728.51,1699.338491,2021-04-16 09:00:00
1618564500000,60728.52,61033.52,60512.97,60726.26,1343.559986,2021-04-16 09:15:00
1618565400000,60726.26,60836.69,60400.0,60473.75,1476.583264,2021-04-16 09:30:00
1618566300000,60481.03,60815.14,60416.66,60643.79,846.538471,2021-04-16 09:45:00
1618567200000,60643.8,60969.5,60524.3,60907.84,1123.074665,2021-04-16 10:00:00
1618568100000,60907.84,60914.04,60628.72,60843.7,809.46291,2021-04-16 10:15:00
1618569000000,60843.69,60843.69,60249.99,60373.09,1354.492887,2021-04-16 10:30:00
1618569900000,60373.11,60549.98,60240.0,60247.54,1004.486584,2021-04-16 10:45:00
1618570800000,60247.53,60652.85,60210.0,60504.1,1301.340423,2021-04-16 11:00:00
1618571700000,60504.1,60594.07,60000.0,60539.97,2143.050712,2021-04-16 11:15:00
1618572600000,60539.96,60731.69,60336.29,60600.01,1028.248664,2021-04-16 11:30:00
1618573500000,60600.0,60880.0,60508.04,60853.81,1168.9478,2021-04-16 11:45:00
1618574400000,60853.8,60853.81,60572.69,60660.0,1303.636103,2021-04-16 12:00:00
1618575300000,60660.0,60912.0,60523.63,60872.94,1131.825909,2021-04-16 12:15:00
1618576200000,60874.87,61011.22,60706.5,60793.47,1228.862542,2021-04-16 12:30:00
1618577100000,60793.48,60874.4,60694.45,60716.32,938.714094,2021-04-16 12:45:00
1618578000000,60716.32,60973.53,60542.57,60973.52,1217.412522,2021-04-16 13:00:00
1618578900000,60973.52,61113.13,60881.12,61106.06,1658.980194,2021-04-16 13:15:00
1618579800000,61106.07,61173.22,60773.43,60883.08,1974.919095,2021-04-16 13:30:00
1618580700000,60883.09,60892.66,60250.0,60546.68,1936.659691,2021-04-16 13:45:00
1618581600000,60546.67,60967.77,60519.99,60904.37,1221.360845,2021-04-16 14:00:00
1618582500000,60904.38,61460.35,60728.82,61319.92,1974.989504,2021-04-16 14:15:00
1618583400000,61319.92,61400.0,61133.52,61326.03,1188.621034,2021-04-16 14:30:00
1618584300000,61326.03,61460.0,61205.96,61256.63,1225.413474,2021-04-16 14:45:00
1618585200000,61256.63,61314.28,61093.98,61209.37,889.095633,2021-04-16 15:00:00
1618586100000,61209.38,61389.99,61140.95,61326.51,809.981134,2021-04-16 15:15:00
1618587000000,61326.51,61516.57,61261.86,61344.63,858.258947,2021-04-16 15:30:00
1618587900000,61344.61,61627.0,61308.3,61551.62,925.85727,2021-04-16 15:45:00
1618588800000,61551.62,61650.0,61301.29,61425.85,1113.669223,2021-04-16 16:00:00
1618589700000,61425.84,61562.92,61139.9,61323.68,1859.808697,2021-04-16 16:15:00
1618590600000,61325.13,61550.74,61271.36,61534.85,1340.395964,2021-04-16 16:30:00
1618591500000,61534.85,61800.39,61534.85,61722.39,1048.039037,2021-04-16 16:45:00
1618592400000,61722.39,61797.21,61632.97,61720.69,746.830192,2021-04-16 17:00:00
1618593300000,61720.68,61848.94,61690.0,61701.12,708.157554,2021-04-16 17:15:00
1618594200000,61701.12,61828.26,61631.6,61666.24,674.140154,2021-04-16 17:30:00
1618595100000,61666.24,61750.0,61555.0,61572.03,572.081717,2021-04-16 17:45:00
1618596000000,61572.03,61669.12,61306.04,61411.85,677.061919,2021-04-16 18:00:00
1618596900000,61411.85,61419.1,61105.0,61200.0,601.859786,2021-04-16 18:15:00
1618597800000,61200.01,61500.0,61187.59,61448.17,541.40657,2021-04-16 18:30:00
1618598700000,61448.16,61823.74,61434.07,61817.56,549.177168,2021-04-16 18:45:00
1618599600000,61817.55,61877.0,61576.49,61662.54,670.981218,2021-04-16 19:00:00
1618600500000,61662.54,61770.2,61374.6,61527.55,708.612486,2021-04-16 19:15:00
1618601400000,61527.54,61735.01,61516.22,61710.32,424.324227,2021-04-16 19:30:00
1618602300000,61710.32,61748.99,61531.35,61713.43,493.090848,2021-04-16 19:45:00
1618603200000,61713.42,61820.0,61625.02,61754.37,652.405609,2021-04-16 20:00:00
1618604100000,61754.38,61834.24,61674.82,61828.32,652.971225,2021-04-16 20:15:00
1618605000000,61828.32,61941.07,61814.39,61821.48,544.264946,2021-04-16 20:30:00
1618605900000,61821.48,62000.0,61819.25,61914.7,545.458717,2021-04-16 20:45:00
1618606800000,61914.7,62087.98,61914.7,62080.01,641.892148,2021-04-16 21:00:00
1618607700000,62080.01,62085.17,61720.01,61772.19,541.913325,2021-04-16 21:15:00
1618608600000,61772.19,61951.99,61735.76,61870.0,348.2433,2021-04-16 21:30:00
1618609500000,61869.99,61909.99,61726.41,61727.45,325.208581,2021-04-16 21:45:00
1618610400000,61727.46,61818.85,61557.31,61663.56,432.143877,2021-04-16 22:00:00
1618611300000,61663.56,61762.8,61593.42,61720.27,585.026561,2021-04-16 22:15:00
1618612200000,61720.28,61979.32,61720.28,61830.13,499.259505,2021-04-16 22:30:00
1618613100000,61830.13,61868.62,61522.46,61547.33,523.668753,2021-04-16 22:45:00
1618614000000,61547.32,61600.0,61466.56,61516.59,581.165108,2021-04-16 23:00:00
1618614900000,61516.58,61663.75,61488.98,61555.04,397.448751,2021-04-16 23:15:00
1618615800000,61555.05,61625.0,61447.2,61483.53,561.465351,2021-04-16 23:30:00
1618616700000,61483.15,61537.49,61333.0,61334.8,554.572992,2021-04-16 23:45:00
1618617600000,61334.81,61740.04,61255.0,61636.81,786.602575,2021-04-17 00:00:00
1618618500000,61636.81,61687.63,61168.83,61308.9,756.478419,2021-04-17 00:15:00
1618619400000,61308.9,61369.54,61114.14,61187.59,651.777783,2021-04-17 00:30:00
1618620300000,61187.6,61515.01,61177.83,61439.99,555.579071,2021-04-17 00:45:00
1618621200000,61439.99,61764.03,61439.98,61643.17,795.312799,2021-04-17 01:00:00
1618622100000,61643.17,61941.15,61637.82,61886.1,634.229898,2021-04-17 01:15:00
1618623000000,61886.09,61988.0,61771.19,61960.83,831.68712,2021-04-17 01:30:00
1618623900000,61960.83,62010.0,61843.46,61887.24,502.660324,2021-04-17 01:45:00
1618624800000,61887.25,62115.58,61887.25,62003.91,510.408476,2021-04-17 02:00:00
1618625700000,62003.92,62255.76,62003.91,62243.68,629.711861,2021-04-17 02:15:00
1618626600000,62243.68,62300.0,62124.46,62267.4,610.045756,2021-04-17 02:30:00
1618627500000,62267.39,62308.67,62158.0,62164.89,528.036509,2021-04-17 02:45:00
1618628400000,62164.89,62244.98,61911.13,62147.23,623.093196,2021-04-17 03:00:00
1618629300000,62147.24,62219.87,62100.0,62192.83,650.394789,2021-04-17 03:15:00
1618630200000,62192.82,62500.0,62186.01,62476.5,725.852075,2021-04-17 03:30:00
1618631100000,62476.5,62506.05,62334.82,62372.27,461.81618,2021-04-17 03:45:00
1618632000000,62372.27,62464.38,62214.46,62259.01,498.445452,2021-04-17 04:00:00
1618632900000,62259.0,62345.36,62137.52,62234.12,523.142502,2021-04-17 04:15:00
1618633800000,62234.11,62315.72,62090.98,62098.75,710.373599,2021-04-17 04:30:00
1618634700000,62098.75,62274.54,62098.75,62221.03,574.617855,2021-04-17 04:45:00
1618635600000,62221.02,62234.37,62100.27,62111.02,477.193902,2021-04-17 05:00:00
1618636500000,62111.02,62149.67,61990.77,62111.48,448.020085,2021-04-17 05:15:00
1618637400000,62111.48,62280.8,62053.92,62205.17,512.064662,2021-04-17 05:30:00
1618638300000,62204.84,62287.28,62101.14,62159.71,395.603418,2021-04-17 05:45:00
1618639200000,62159.71,62179.52,61858.04,61964.37,509.009419,2021-04-17 06:00:00
1618640100000,61964.37,62062.49,61857.55,61971.92,397.61531,2021-04-17 06:15:00
1618641000000,61971.92,62099.98,61955.92,62044.24,406.070647,2021-04-17 06:30:00
1618641900000,62044.24,62181.53,61979.02,62000.75,370.533262,2021-04-17 06:45:00
1618642800000,62000.75,62300.0,61950.0,62205.6,510.631006,2021-04-17 07:00:00
1618643700000,62205.61,62243.38,62039.22,62045.9,474.405743,2021-04-17 07:15:00
1618644600000,62047.57,62279.99,61962.03,62264.1,476.400046,2021-04-17 07:30:00
1618645500000,62264.1,62305.0,62075.76,62114.99,485.024438,2021-04-17 07:45:00
1618646400000,62114.99,62334.09,62114.99,62239.97,733.429839,2021-04-17 08:00:00
1618647300000,62239.96,62323.34,62129.02,62203.29,407.411073,2021-04-17 08:15:00
1618648200000,62203.29,62241.48,62180.0,62212.6,372.494392,2021-04-17 08:30:00
1618649100000,62212.59,62400.0,62187.93,62399.86,511.016029,2021-04-17 08:45:00
1618650000000,62399.87,62458.28,62136.68,62185.04,750.373177,2021-04-17 09:00:00
1618650900000,62185.04,62185.04,61672.27,61762.8,989.682367,2021-04-17 09:15:00
1618651800000,61762.81,61850.0,61655.17,61749.55,718.032825,2021-04-17 09:30:00
1618652700000,61749.55,61749.56,61480.24,61711.29,751.170873,2021-04-17 09:45:00
1618653600000,61711.29,61838.11,61381.0,61777.32,955.908811,2021-04-17 10:00:00
1618654500000,61777.33,61891.33,61608.68,61609.15,495.885711,2021-04-17 10:15:00
1618655400000,61609.15,61712.57,61500.0,61522.61,448.842733,2021-04-17 10:30:00
1618656300000,61522.61,61666.66,61258.08,61365.23,563.008363,2021-04-17 10:45:00
1618657200000,61365.24,61400.0,61200.11,61387.74,615.363275,2021-04-17 11:00:00
1618658100000,61387.74,61428.57,61100.0,61159.41,827.947659,2021-04-17 11:15:00
1618659000000,61159.41,61455.0,60700.55,60933.83,1506.313445,2021-04-17 11:30:00
1618659900000,60933.83,61171.41,60825.91,60886.91,677.027659,2021-04-17 11:45:00
1618660800000,60886.93,60898.14,60500.0,60845.69,1393.280606,2021-04-17 12:00:00
1618661700000,60845.68,61013.96,60751.0,60765.97,746.842458,2021-04-17 12:15:00
1618662600000,60769.38,61075.16,60626.88,61043.5,900.785223,2021-04-17 12:30:00
1618663500000,61043.51,61089.85,60900.08,61061.52,629.560922,2021-04-17 12:45:00
1618664400000,61061.52,61083.83,60900.0,60900.0,566.217499,2021-04-17 13:00:00
1618665300000,60900.0,60900.01,60369.12,60780.25,1264.255368,2021-04-17 13:15:00
1618666200000,60780.24,61175.01,60773.05,61169.8,760.870109,2021-04-17 13:30:00
1618667100000,61169.8,61187.0,60969.0,61025.41,834.575499,2021-04-17 13:45:00
1618668000000,61025.4,61222.0,60806.12,61090.52,824.800447,2021-04-17 14:00:00
1618668900000,61090.52,61090.52,60777.0,60861.62,636.523562,2021-04-17 14:15:00
1618669800000,60861.63,60983.95,60726.4,60808.83,673.628972,2021-04-17 14:30:00
1618670700000,60808.83,60868.63,60566.79,60610.97,571.652517,2021-04-17 14:45:00
1618671600000,60610.97,60655.5,60408.04,60500.01,760.326906,2021-04-17 15:00:00
1618672500000,60500.0,60618.88,60278.55,60576.97,882.680585,2021-04-17 15:15:00
1618673400000,60576.97,60587.78,60102.97,60144.97,1090.211423,2021-04-17 15:30:00
1618674300000,60144.98,60413.1,60094.0,60264.66,834.866672,2021-04-17 15:45:00
1618675200000,60264.65,60574.6,59842.28,60554.12,1642.083787,2021-04-17 16:00:00
1618676100000,60554.12,60586.48,60347.99,60506.69,527.43282,2021-04-17 16:15:00
1618677000000,60506.68,60602.75,60408.15,60593.99,435.317649,2021-04-17 16:30:00
1618677900000,60593.99,60685.51,60374.58,60377.01,459.629002,2021-04-17 16:45:00
1618678800000,60377.01,60585.9,60306.12,60461.23,450.590764,2021-04-17 17:00:00
1618679700000,60461.24,60592.95,60413.79,60540.0,296.749125,2021-04-17 17:15:00
1618680600000,60540.0,60559.56,60338.96,60358.18,351.727603,2021-04-17 17:30:00
1618681500000,60358.17,60440.0,59637.12,59705.62,1393.82853,2021-04-17 17:45:00
1618682400000,59705.62,60175.93,59580.91,60170.42,1072.872466,2021-04-17 18:00:00
1618683300000,60170.43,60384.67,60146.62,60235.59,618.324732,2021-04-17 18:15:00
1618684200000,60235.58,60525.8,60230.7,60434.62,727.019403,2021-04-17 18:30:00
1618685100000,60434.62,60439.57,60313.1,60379.99,293.479319,2021-04-17 18:45:00
1618686000000,60380.0,60735.26,60379.99,60725.1,631.024092,2021-04-17 19:00:00
1618686900000,60725.09,60785.0,60574.94,60606.12,540.796849,2021-04-17 19:15:00
1618687800000,60606.13,60702.26,60565.26,60655.42,329.082751,2021-04-17 19:30:00
1618688700000,60655.42,60730.9,60611.27,60705.02,447.12199,2021-04-17 19:45:00
1618689600000,60705.02,60749.61,60600.6,60665.1,373.250541,2021-04-17 20:00:00
1618690500000,60665.1,60698.99,60606.0,60616.7,322.477739,2021-04-17 20:15:00
1618691400000,60616.69,60838.0,60616.69,60837.88,344.769408,2021-04-17 20:30:00
1618692300000,60837.87,60887.07,60758.69,60802.38,369.306227,2021-04-17 20:45:00
1618693200000,60802.38,60802.92,60677.65,60761.2,300.634113,2021-04-17 21:00:00
1618694100000,60760.91,60900.0,60700.74,60899.0,280.040407,2021-04-17 21:15:00
1618695000000,60898.17,60955.0,60734.99,60749.99,347.486326,2021-04-17 21:30:00
1618695900000,60749.99,60795.51,60558.43,60713.98,514.76688,2021-04-17 21:45:00
1618696800000,60713.98,60799.97,60600.48,60762.78,264.366977,2021-04-17 22:00:00
1618697700000,60762.77,60819.95,60670.91,60675.11,325.640521,2021-04-17 22:15:00
1618698600000,60675.11,60715.0,60369.89,60375.94,351.334906,2021-04-17 22:30:00
1618699500000,60375.94,60747.44,60354.55,60633.78,242.295984,2021-04-17 22:45:00
1618700400000,60633.77,60804.57,60584.22,60601.52,295.730899,2021-04-17 23:00:00
1618701300000,60601.52,60605.39,60251.0,60277.1,539.3463,2021-04-17 23:15:00
1618702200000,60277.11,60352.26,60116.13,60142.97,561.004876,2021-04-17 23:30:00
1618703100000,60142.97,60384.4,59969.98,60006.66,544.897966,2021-04-17 23:45:00
1618704000000,60006.67,60499.0,59951.2,60298.68,760.034421,2021-04-18 00:00:00
1618704900000,60298.68,60377.0,59580.0,59590.06,1089.462156,2021-04-18 00:15:00
1618705800000,59590.06,59780.0,59312.07,59693.89,1160.98872,2021-04-18 00:30:00
1618706700000,59693.9,59766.27,59377.38,59386.59,708.43901,2021-04-18 00:45:00
1618707600000,59386.59,59665.43,59256.99,59271.37,1044.85779,2021-04-18 01:00:00
1618708500000,59271.38,59448.88,58955.57,59355.48,1837.596664,2021-04-18 01:15:00
1618709400000,59355.48,59737.31,59276.0,59625.29,812.775059,2021-04-18 01:30:00
1618710300000,59626.05,59626.6,59100.0,59220.01,673.720911,2021-04-18 01:45:00
1618711200000,59220.01,59481.79,59104.66,59171.27,656.1398,2021-04-18 02:00:00
1618712100000,59171.26,59171.26,58633.33,59088.88,1650.217815,2021-04-18 02:15:00
1618713000000,59088.88,59180.11,58726.65,58833.48,824.635664,2021-04-18 02:30:00
1618713900000,58833.47,59071.42,58598.8,58804.21,1177.357736,2021-04-18 02:45:00
1618714800000,58804.21,58984.69,58200.0,58459.08,1672.249885,2021-04-18 03:00:00
1618715700000,58454.8,58478.09,55000.0,56401.58,4269.56404,2021-04-18 03:15:00
1618716600000,56401.58,56424.76,50931.3,53660.02,4313.86371,2021-04-18 03:30:00
1618717500000,53661.06,55288.91,52500.0,55014.46,5478.986995,2021-04-18 03:45:00
1618718400000,55000.01,56000.0,53924.76,54878.24,4007.631518,2021-04-18 04:00:00
1618719300000,54881.01,55700.0,54790.91,55320.13,3125.138765,2021-04-18 04:15:00
1618720200000,55309.07,56033.92,54400.0,55008.68,3269.995385,2021-04-18 04:30:00
1618721100000,55026.65,55363.71,54551.52,54829.24,2464.286214,2021-04-18 04:45:00
1618722000000,54854.55,55850.0,54732.39,55639.08,2019.648057,2021-04-18 05:00:00
1618722900000,55639.09,55799.99,55103.41,55536.85,1864.09188,2021-04-18 05:15:00
1618723800000,55536.85,55701.12,55099.0,55655.24,1666.613548,2021-04-18 05:30:00
1618724700000,55655.24,55804.61,55400.0,55569.18,1279.935444,2021-04-18 05:45:00
1618725600000,55569.18,56014.2,55458.54,56013.22,1589.936602,2021-04-18 06:00:00
1618726500000,56013.22,56381.0,55950.51,56179.03,1505.173328,2021-04-18 06:15:00
1618727400000,56179.02,56199.42,55300.0,55494.51,1586.282259,2021-04-18 06:30:00
1618728300000,55494.51,55823.51,55386.81,55728.66,1202.503783,2021-04-18 06:45:00
1618729200000,55731.24,56212.3,55716.55,56212.29,1062.210656,2021-04-18 07:00:00
1618730100000,56212.3,56464.56,55982.41,56419.58,1388.239448,2021-04-18 07:15:00
1618731000000,56419.59,56527.04,56223.96,56319.79,1445.263187,2021-04-18 07:30:00
1618731900000,56319.79,56373.29,56053.68,56180.34,1073.075288,2021-04-18 07:45:00
1618732800000,56184.51,56498.0,55659.47,55945.24,2011.64999,2021-04-18 08:00:00
1618733700000,55945.23,56322.78,55800.88,56201.63,1021.722976,2021-04-18 08:15:00
1618734600000,56206.97,56280.65,55836.36,55900.0,1310.980857,2021-04-18 08:30:00
1618735500000,55900.01,55948.56,54459.56,54953.65,3265.757596,2021-04-18 08:45:00
1618736400000,54954.85,55294.21,54522.0,55096.11,2239.231434,2021-04-18 09:00:00
1618737300000,55091.65,55289.43,54333.0,54499.09,1407.329019,2021-04-18 09:15:00
1618738200000,54499.09,54932.3,54023.13,54494.47,1833.210454,2021-04-18 09:30:00
1618739100000,54495.46,55111.0,54204.76,54964.61,1938.17126,2021-04-18 09:45:00
1618740000000,54972.0,55364.11,54685.64,55297.11,1280.467751,2021-04-18 10:00:00
1618740900000,55297.11,55312.49,54580.01,54791.93,1591.798072,2021-04-18 10:15:00
1618741800000,54791.93,55099.99,54700.7,54950.59,901.194974,2021-04-18 10:30:00
1618742700000,54950.58,55155.63,54517.32,54640.93,957.519807,2021-04-18 10:45:00
1618743600000,54640.93,55079.62,54500.0,54581.38,817.396848,2021-04-18 11:00:00
1618744500000,54580.28,54957.63,54564.4,54581.61,865.385215,2021-04-18 11:15:00
1618745400000,54581.62,54736.47,53415.19,53491.87,2052.504278,2021-04-18 11:30:00
1618746300000,53486.62,53878.46,53064.66,53308.92,1996.176386,2021-04-18 11:45:00
1618747200000,53299.32,54352.36,53277.97,53858.81,1892.605581,2021-04-18 12:00:00
1618748100000,53843.65,54387.75,53200.0,54291.41,1367.955571,2021-04-18 12:15:00
1618749000000,54291.41,54999.71,54065.52,54600.0,1679.280949,2021-04-18 12:30:00
1618749900000,54602.73,54983.04,54577.88,54947.24,1265.366137,2021-04-18 12:45:00
1618750800000,54947.24,55042.59,54620.26,55019.3,1045.307794,2021-04-18 13:00:00
1618751700000,55019.3,55197.12,54854.01,55063.03,1108.44682,2021-04-18 13:15:00
1618752600000,55063.03,55309.34,54843.58,54900.76,1007.572029,2021-04-18 13:30:00
1618753500000,54900.75,55289.85,54895.19,55169.06,863.226811,2021-04-18 13:45:00
1618754400000,55169.06,55299.0,55039.58,55239.52,749.383824,2021-04-18 14:00:00
1618755300000,55239.52,55774.23,55004.11,55703.28,1319.834601,2021-04-18 14:15:00
1618756200000,55703.27,55759.0,55440.31,55530.95,998.026093,2021-04-18 14:30:00
1618757100000,55530.96,55571.34,55007.79,55135.56,1226.422901,2021-04-18 14:45:00
1618758000000,55135.56,55300.0,54965.5,55268.22,750.390282,2021-04-18 15:00:00
1618758900000,55268.21,55500.0,55268.21,55379.64,925.987371,2021-04-18 15:15:00
1618759800000,55379.64,55409.35,54800.0,54989.28,1285.291886,2021-04-18 15:30:00
1618760700000,54986.41,55574.23,54700.0,55452.45,1279.293504,2021-04-18 15:45:00
1618761600000,55452.45,55828.45,55292.61,55724.04,1551.87619,2021-04-18 16:00:00
1618762500000,55724.04,55967.66,55611.74,55853.54,1242.338152,2021-04-18 16:15:00
1618763400000,55852.38,55854.92,55519.27,55523.68,878.369667,2021-04-18 16:30:00
1618764300000,55525.09,55604.91,55232.32,55432.76,740.37078,2021-04-18 16:45:00
1618765200000,55432.77,55645.01,55333.33,55384.22,813.575571,2021-04-18 17:00:00
1618766100000,55384.22,55482.18,55028.0,55298.98,748.292196,2021-04-18 17:15:00
1618767000000,55298.98,55333.32,55040.0,55138.06,616.052929,2021-04-18 17:30:00
1618767900000,55138.04,55190.47,54859.75,55150.01,664.412308,2021-04-18 17:45:00
1618768800000,55151.12,55266.26,55066.14,55250.0,379.867393,2021-04-18 18:00:00
1618769700000,55250.01,55252.94,55020.28,55030.21,520.173554,2021-04-18 18:15:00
1618770600000,55030.21,55398.46,54982.02,55286.26,685.286287,2021-04-18 18:30:00
1618771500000,55286.18,55685.27,55286.06,55473.86,692.169849,2021-04-18 18:45:00
1618772400000,55473.85,55730.0,55286.72,55464.6,726.350167,2021-04-18 19:00:00
1618773300000,55464.6,55777.0,55342.4,55714.09,623.19272,2021-04-18 19:15:00
1618774200000,55714.09,55817.54,55584.04,55787.12,533.745369,2021-04-18 19:30:00
1618775100000,55787.11,55800.0,55625.0,55720.66,435.69861,2021-04-18 19:45:00
1618776000000,55720.66,56046.99,55709.86,56000.04,743.590584,2021-04-18 20:00:00
1618776900000,56002.88,56007.89,55805.0,55885.37,621.920821,2021-04-18 20:15:00
1618777800000,55884.97,56176.2,55880.0,56167.23,679.585953,2021-04-18 20:30:00
1618778700000,56167.24,56288.58,56074.35,56179.99,665.997191,2021-04-18 20:45:00
1618779600000,56179.99,56225.16,56039.46,56062.64,453.644887,2021-04-18 21:00:00
1618780500000,56062.64,56159.41,55971.14,56110.8,501.045189,2021-04-18 21:15:00
1618781400000,56110.8,56126.46,55605.01,55770.97,574.251949,2021-04-18 21:30:00
1618782300000,55771.71,56363.0,55537.48,56300.01,742.124558,2021-04-18 21:45:00
1618783200000,56300.01,56471.93,56198.97,56265.8,605.697899,2021-04-18 22:00:00
1618784100000,56265.8,56411.03,56004.33,56397.62,673.18051,2021-04-18 22:15:00
1618785000000,56397.62,56688.28,56372.63,56604.96,862.26722,2021-04-18 22:30:00
1618785900000,56604.96,56678.8,56411.82,56535.85,687.563831,2021-04-18 22:45:00
1618786800000,56535.84,56600.0,56274.8,56407.72,680.013582,2021-04-18 23:00:00
1618787700000,56407.72,56435.21,56190.63,56228.26,544.403923,2021-04-18 23:15:00
1618788600000,56228.25,56412.65,56228.25,56253.33,503.262343,2021-04-18 23:30:00
1618789500000,56253.33,56423.29,56008.0,56150.01,556.004833,2021-04-18 23:45:00
1618790400000,56150.01,56315.4,55690.62,55705.39,1147.330021,2021-04-19 00:00:00
1618791300000,55705.39,56175.97,55705.39,56078.26,516.372512,2021-04-19 00:15:00
1618792200000,56078.26,56676.08,55983.0,56563.31,773.322947,2021-04-19 00:30:00
1618793100000,56563.31,56841.89,56350.9,56771.94,760.205952,2021-04-19 00:45:00
1618794000000,56771.94,57099.91,56650.0,57060.23,950.726552,2021-04-19 01:00:00
1618794900000,57060.24,57064.03,56777.91,57040.46,754.991328,2021-04-19 01:15:00
1618795800000,57040.46,57043.15,56787.4,56858.14,585.335304,2021-04-19 01:30:00
1618796700000,56855.3,56964.01,56667.78,56757.4,672.527848,2021-04-19 01:45:00
1618797600000,56757.16,56989.41,56650.01,56657.9,539.383485,2021-04-19 02:00:00
1618798500000,56657.9,56897.31,56530.75,56891.44,473.323562,2021-04-19 02:15:00
1618799400000,56888.63,57222.0,56831.43,57072.95,618.087193,2021-04-19 02:30:00
1618800300000,57072.95,57102.32,56846.12,56883.43,526.820561,2021-04-19 02:45:00
1618801200000,56883.43,56916.41,56760.7,56794.57,515.417058,2021-04-19 03:00:00
1618802100000,56794.58,56964.4,56700.36,56814.48,576.631035,2021-04-19 03:15:00
1618803000000,56814.48,57128.37,56807.25,57117.12,558.136778,2021-04-19 03:30:00
1618803900000,57117.12,57291.0,57014.01,57030.9,690.770741,2021-04-19 03:45:00
1618804800000,57030.9,57171.73,56912.22,57032.06,540.435153,2021-04-19 04:00:00
1618805700000,57032.06,57108.48,56900.0,56941.2,434.648243,2021-04-19 04:15:00
1618806600000,56941.2,57008.14,56740.0,56772.71,530.723442,2021-04-19 04:30:00
1618807500000,56772.71,56953.08,56679.8,56951.86,547.519351,2021-04-19 04:45:00
1618808400000,56951.86,56965.3,56567.96,56767.77,634.262031,2021-04-19 05:00:00
1618809300000,56767.77,56767.83,56410.68,56634.96,746.06076,2021-04-19 05:15:00
1618810200000,56634.96,56815.64,56625.03,56800.01,434.404692,2021-04-19 05:30:00
1618811100000,56800.01,56888.0,56500.0,56500.0,642.025124,2021-04-19 05:45:00
1618812000000,56500.01,56800.0,56500.0,56754.53,526.13239,2021-04-19 06:00:00
1618812900000,56754.53,56948.89,56641.18,56769.32,550.807863,2021-04-19 06:15:00
1618813800000,56769.32,56914.57,56702.5,56788.86,551.626137,2021-04-19 06:30:00
1618814700000,56788.87,57339.8,56676.06,57249.99,1132.516864,2021-04-19 06:45:00
1618815600000,57249.99,57450.0,57068.03,57207.0,722.832478,2021-04-19 07:00:00
1618816500000,57207.01,57298.99,57020.3,57282.17,663.195178,2021-04-19 07:15:00
1618817400000,57282.17,57450.0,57227.63,57334.59,1024.208154,2021-04-19 07:30:00
1618818300000,57334.59,57485.46,57272.73,57323.35,886.721561,2021-04-19 07:45:00
1618819200000,57323.34,57526.81,57130.02,57131.83,1267.940902,2021-04-19 08:00:00
1618820100000,57131.83,57206.0,56835.46,56848.26,1326.781373,2021-04-19 08:15:00
1618821000000,56848.26,57139.36,56841.0,57008.57,1023.625832,2021-04-19 08:30:00
1618821900000,57008.57,57069.0,56750.89,56778.8,940.884787,2021-04-19 08:45:00
1618822800000,56778.8,56950.0,56595.6,56662.77,892.285263,2021-04-19 09:00:00
1618823700000,56661.9,56839.36,56574.76,56786.45,882.920392,2021-04-19 09:15:00
1618824600000,56786.44,57098.86,56779.31,56980.0,824.70286,2021-04-19 09:30:00
1618825500000,56980.0,56980.0,56631.94,56681.9,1206.936333,2021-04-19 09:45:00
1618826400000,56681.9,56785.5,56264.44,56334.88,1680.064838,2021-04-19 10:00:00
1618827300000,56332.06,56549.87,56259.16,56479.25,1004.788038,2021-04-19 10:15:00
1618828200000,56479.26,56571.36,56150.86,56317.81,961.31752,2021-04-19 10:30:00
1618829100000,56317.81,56530.61,56120.03,56522.65,992.470592,2021-04-19 10:45:00
1618830000000,56522.65,57000.0,56462.0,56934.69,1044.466781,2021-04-19 11:00:00
1618830900000,56934.7,57072.22,56784.62,56826.05,795.546891,2021-04-19 11:15:00
1618831800000,56826.05,57035.71,56800.66,56962.22,758.938252,2021-04-19 11:30:00
1618832700000,56962.22,57323.99,56962.21,57107.4,863.039555,2021-04-19 11:45:00
1618833600000,57107.41,57126.17,56950.0,57027.36,609.421572,2021-04-19 12:00:00
1618834500000,57027.35,57115.38,56816.84,56992.68,648.546422,2021-04-19 12:15:00
1618835400000,56992.69,57142.2,56677.1,56685.2,688.621402,2021-04-19 12:30:00
1618836300000,56685.19,56792.74,56443.27,56515.7,669.848906,2021-04-19 12:45:00
1618837200000,56515.7,56663.67,56330.72,56339.3,685.005516,2021-04-19 13:00:00
1618838100000,56339.3,56462.79,56002.56,56230.0,1162.591071,2021-04-19 13:15:00
1618839000000,56230.01,56699.6,56225.3,56685.63,1093.174139,2021-04-19 13:30:00
1618839900000,56685.64,56783.36,56353.45,56630.91,1188.862745,2021-04-19 13:45:00
1618840800000,56630.9,56635.1,56050.0,56313.6,1453.939395,2021-04-19 14:00:00
1618841700000,56313.6,56482.93,55715.0,55716.61,1533.249791,2021-04-19 14:15:00
1618842600000,55716.61,56011.0,55178.91,55419.0,2384.887107,2021-04-19 14:30:00
1618843500000,55419.0,55600.4,55073.39,55439.86,1860.464482,2021-04-19 14:45:00
1618844400000,55439.86,55439.86,54698.0,55306.88,2123.429133,2021-04-19 15:00:00
1618845300000,55306.88,55475.3,54869.7,55377.89,1500.410445,2021-04-19 15:15:00
1618846200000,55373.61,55373.62,54545.0,54606.92,1630.655155,2021-04-19 15:30:00
1618847100000,54593.51,54928.56,54221.58,54585.22,1707.418181,2021-04-19 15:45:00
1618848000000,54581.82,55530.66,54351.67,54851.16,1788.82852,2021-04-19 16:00:00
1618848900000,54730.47,55554.0,54616.02,55175.57,1405.236152,2021-04-19 16:15:00
1618849800000,55175.57,55389.98,54920.37,55053.72,894.361041,2021-04-19 16:30:00
1618850700000,55053.73,55061.91,54652.33,54826.99,907.931597,2021-04-19 16:45:00
1618851600000,54826.99,55224.31,54560.53,55211.81,862.591179,2021-04-19 17:00:00
1618852500000,55213.51,55442.21,55140.0,55285.27,679.496831,2021-04-19 17:15:00
1618853400000,55281.62,55433.45,55036.44,55286.46,488.205343,2021-04-19 17:30:00
1618854300000,55286.46,55491.64,55132.54,55369.68,596.126451,2021-04-19 17:45:00
1618855200000,55369.68,55826.49,55300.31,55552.59,782.647088,2021-04-19 18:00:00
1618856100000,55552.58,55686.01,55514.3,55615.63,445.128103,2021-04-19 18:15:00
1618857000000,55615.62,55752.73,55357.69,55711.64,492.173874,2021-04-19 18:30:00
1618857900000,55717.58,55799.0,55578.46,55635.03,461.2101,2021-04-19 18:45:00
1618858800000,55635.03,55787.17,55497.04,55636.51,513.165282,2021-04-19 19:00:00
1618859700000,55636.51,55886.07,55600.0,55604.15,404.256892,2021-04-19 19:15:00
1618860600000,55604.15,55770.71,55387.25,55680.66,546.505558,2021-04-19 19:30:00
1618861500000,55679.01,56100.0,55679.01,55930.94,755.656449,2021-04-19 19:45:00
1618862400000,55930.94,55984.23,55750.0,55889.3,432.363275,2021-04-19 20:00:00
1618863300000,55887.68,56150.0,55884.38,56033.3,613.952634,2021-04-19 20:15:00
1618864200000,56033.3,56410.0,56033.29,56261.93,736.678383,2021-04-19 20:30:00
1618865100000,56261.93,56286.89,56093.46,56130.02,377.204775,2021-04-19 20:45:00
1618866000000,56130.02,56222.18,56031.51,56181.07,327.998913,2021-04-19 21:00:00
1618866900000,56181.0,56209.97,55678.63,55715.02,534.724338,2021-04-19 21:15:00
1618867800000,55715.01,56539.77,55697.86,56380.82,514.563562,2021-04-19 21:30:00
1618868700000,56376.54,56600.0,56214.64,56245.2,411.821119,2021-04-19 21:45:00
1618869600000,56245.2,56267.99,55952.6,55971.1,403.555368,2021-04-19 22:00:00
1618870500000,55971.28,56205.07,55958.28,56084.25,384.413067,2021-04-19 22:15:00
1618871400000,56084.24,56348.05,56044.74,56050.87,278.570076,2021-04-19 22:30:00
1618872300000,56050.87,56285.38,55795.95,55993.56,362.138165,2021-04-19 22:45:00
1618873200000,55993.56,56199.74,55772.85,56018.04,457.51637,2021-04-19 23:00:00
1618874100000,56018.04,56055.25,55548.08,55580.0,639.02166,2021-04-19 23:15:00
1618875000000,55579.99,55877.55,55556.0,55682.2,579.653178,2021-04-19 23:30:00
1618875900000,55682.21,55859.57,55517.45,55633.14,516.608955,2021-04-19 23:45:00
1618876800000,55633.14,55792.15,55102.0,55302.79,1366.006349,2021-04-20 00:00:00
1618877700000,55302.79,55457.61,54745.82,54750.56,1250.002518,2021-04-20 00:15:00
1618878600000,54750.55,54997.76,54328.78,54488.44,1763.029903,2021-04-20 00:30:00
1618879500000,54487.02,54885.08,54405.0,54631.29,1580.782072,2021-04-20 00:45:00
1618880400000,54631.29,55378.42,54570.02,55077.52,1223.956032,2021-04-20 01:00:00
1618881300000,55077.52,55150.0,54930.0,54986.6,570.085871,2021-04-20 01:15:00
1618882200000,54986.6,54991.41,54609.82,54650.0,654.888165,2021-04-20 01:30:00
1618883100000,54649.99,54888.87,54237.04,54764.12,813.834147,2021-04-20 01:45:00
1618893000000,54764.13,55035.44,54567.79,54999.94,841.838626,2021-04-20 04:30:00
1618893900000,54999.94,55350.28,54993.51,55258.63,976.223652,2021-04-20 04:45:00
1618894800000,55258.64,55486.31,55100.0,55169.91,666.312484,2021-04-20 05:00:00
1618895700000,55169.91,55214.32,54855.83,54985.75,659.512659,2021-04-20 05:15:00
1618896600000,54985.75,55138.99,54801.85,54910.16,738.195279,2021-04-20 05:30:00
1618897500000,54910.15,55020.0,54691.87,54950.04,594.597116,2021-04-20 05:45:00
1618898400000,54950.04,55189.97,54691.57,54692.05,631.813866,2021-04-20 06:00:00
1618899300000,54692.05,54900.0,54505.0,54515.99,722.976914,2021-04-20 06:15:00
1618900200000,54515.99,54691.77,53821.0,54056.22,1401.920374,2021-04-20 06:30:00
1618901100000,54056.22,54160.75,53501.01,53856.35,1520.032082,2021-04-20 06:45:00
1618902000000,53856.36,54250.06,53520.53,54230.52,1192.581585,2021-04-20 07:00:00
1618902900000,54230.52,54230.52,53807.92,53834.34,672.520041,2021-04-20 07:15:00
1618903800000,53834.35,54046.82,53329.96,53896.56,1178.488826,2021-04-20 07:30:00
1618904700000,53896.56,54431.04,53837.54,54410.57,846.063156,2021-04-20 07:45:00
1618905600000,54410.57,54950.0,54230.38,54866.99,911.079978,2021-04-20 08:00:00
1618906500000,54866.98,55089.82,54687.83,54720.4,712.524468,2021-04-20 08:15:00
1618907400000,54720.4,54850.38,54307.83,54822.25,738.668343,2021-04-20 08:30:00
1618908300000,54822.25,55313.9,54714.6,55220.29,864.733388,2021-04-20 08:45:00
1618909200000,55220.3,55238.12,55053.29,55187.35,559.714286,2021-04-20 09:00:00
1618910100000,55187.35,55433.4,54822.88,55229.73,892.205241,2021-04-20 09:15:00
1618911000000,55229.73,55301.0,54888.7,55166.67,720.162118,2021-04-20 09:30:00
1618911900000,55166.67,55200.0,54781.59,54889.16,686.471711,2021-04-20 09:45:00
1618912800000,54889.15,55246.63,54824.81,55061.26,631.083287,2021-04-20 10:00:00
1618913700000,55061.26,55920.22,55061.26,55594.39,1474.784578,2021-04-20 10:15:00
1618914600000,55597.98,56151.07,55597.98,56014.64,1381.517337,2021-04-20 10:30:00
1618915500000,56014.64,56239.31,55774.0,55908.52,884.937287,2021-04-20 10:45:00
1618916400000,55908.52,56098.19,55731.91,55954.74,752.435342,2021-04-20 11:00:00
1618917300000,55954.75,55965.99,55738.06,55779.97,487.423254,2021-04-20 11:15:00
1618918200000,55772.52,55930.25,55680.64,55818.03,522.244717,2021-04-20 11:30:00
1618919100000,55818.04,56419.13,55765.28,56266.83,1011.957217,2021-04-20 11:45:00
1618920000000,56266.83,56290.31,55765.99,55831.39,805.84893,2021-04-20 12:00:00
1618920900000,55831.4,55903.46,55604.73,55790.02,752.071055,2021-04-20 12:15:00
1618921800000,55790.01,56078.42,55790.01,55791.54,576.411857,2021-04-20 12:30:00
1618922700000,55791.54,55980.9,55722.63,55801.14,571.612506,2021-04-20 12:45:00
1618923600000,55801.13,56000.32,55799.27,55887.51,576.649669,2021-04-20 13:00:00
1618924500000,55887.51,56048.96,55693.69,55993.43,725.4447,2021-04-20 13:15:00
1618925400000,55993.44,56242.84,55993.44,56139.66,796.421044,2021-04-20 13:30:00
1618926300000,56139.66,56320.55,56045.5,56317.99,625.351585,2021-04-20 13:45:00
1618927200000,56318.0,56455.93,56131.31,56140.18,985.957133,2021-04-20 14:00:00
1618928100000,56140.18,56285.37,55933.07,56050.24,844.608737,2021-04-20 14:15:00
1618929000000,56050.24,56050.24,55438.73,55592.19,1295.854633,2021-04-20 14:30:00
1618929900000,55592.18,55604.82,55200.0,55336.14,1159.12389,2021-04-20 14:45:00
1618930800000,55336.14,55567.87,55216.15,55346.93,847.977297,2021-04-20 15:00:00
1618931700000,55346.93,55448.8,54900.51,55000.0,1027.02999,2021-04-20 15:15:00
1618932600000,54999.99,55108.36,54649.58,55099.64,1201.317421,2021-04-20 15:30:00
1618933500000,55099.64,55448.97,55088.71,55323.19,794.338652,2021-04-20 15:45:00
1618934400000,55323.18,55570.36,55099.63,55522.48,853.591662,2021-04-20 16:00:00
1618935300000,55522.49,55639.9,55408.42,55501.32,1181.273124,2021-04-20 16:15:00
1618936200000,55501.32,55523.48,55219.0,55228.03,728.722153,2021-04-20 16:30:00
1618937100000,55226.34,55798.28,55135.64,55784.86,1038.186126,2021-04-20 16:45:00
1618938000000,55784.86,55849.36,55666.31,55819.01,825.59941,2021-04-20 17:00:00
1618938900000,55819.01,55819.01,55524.53,55726.37,569.541338,2021-04-20 17:15:00
1618939800000,55726.36,55760.96,55465.15,55739.41,488.742391,2021-04-20 17:30:00
1618940700000,55739.4,55935.0,55730.67,55871.72,552.984426,2021-04-20 17:45:00
1618941600000,55871.72,55980.28,55707.69,55963.38,643.558722,2021-04-20 18:00:00
1618942500000,55963.38,56181.09,55874.21,56158.91,1246.805411,2021-04-20 18:15:00
1618943400000,56158.91,56172.44,55900.0,56046.41,713.073256,2021-04-20 18:30:00
1618944300000,56046.41,56500.0,56046.36,56253.81,1045.30358,2021-04-20 18:45:00
1618945200000,56254.98,56498.95,56236.46,56270.04,749.756923,2021-04-20 19:00:00
1618946100000,56270.04,56490.0,56176.02,56432.9,666.158248,2021-04-20 19:15:00
1618947000000,56432.91,56690.75,56432.31,56666.81,1117.249834,2021-04-20 19:30:00
1618947900000,56666.8,56782.0,56322.52,56572.44,1059.649645,2021-04-20 19:45:00
1618948800000,56572.44,56675.8,56347.84,56557.96,728.926032,2021-04-20 20:00:00
1618949700000,56557.96,56950.0,56514.77,56888.04,1365.926637,2021-04-20 20:15:00
1618950600000,56883.8,57076.24,56700.0,56833.57,1179.578436,2021-04-20 20:30:00
1618951500000,56833.57,56927.67,56690.0,56725.0,598.3278,2021-04-20 20:45:00
1618952400000,56725.01,56819.79,56638.46,56753.58,658.422189,2021-04-20 21:00:00
1618953300000,56753.59,56846.9,56424.25,56469.18,824.105952,2021-04-20 21:15:00
1618954200000,56469.18,56674.47,56446.07,56570.79,504.904846,2021-04-20 21:30:00
1618955100000,56570.79,57020.77,56568.97,57020.76,504.13475,2021-04-20 21:45:00
1618956000000,57020.76,57050.0,56781.29,56821.36,607.171977,2021-04-20 22:00:00
1618956900000,56821.36,56847.35,56464.69,56466.0,574.026309,2021-04-20 22:15:00
1618957800000,56466.0,56612.24,56450.0,56453.68,565.694842,2021-04-20 22:30:00
1618958700000,56453.68,56493.46,56090.0,56380.0,561.297781,2021-04-20 22:45:00
1618959600000,56380.0,56573.54,56234.73,56234.73,558.273956,2021-04-20 23:00:00
1618960500000,56234.74,56519.95,56225.71,56476.43,332.670849,2021-04-20 23:15:00
1618961400000,56476.43,56560.0,56347.72,56388.45,566.420262,2021-04-20 23:30:00
1618962300000,56388.45,56479.42,56177.97,56425.0,450.779916,2021-04-20 23:45:00
1618963200000,56425.0,56750.0,56292.68,56674.28,707.169191,2021-04-21 00:00:00
1618964100000,56672.88,56757.91,56556.08,56644.74,565.371012,2021-04-21 00:15:00
1618965000000,56644.74,56649.75,56133.99,56151.8,665.433823,2021-04-21 00:30:00
1618965900000,56151.81,56253.12,55582.08,55679.99,1095.137568,2021-04-21 00:45:00
1618966800000,55679.99,55817.1,55332.96,55752.54,1316.698102,2021-04-21 01:00:00
1618967700000,55752.54,55888.57,55522.1,55868.45,698.550062,2021-04-21 01:15:00
1618968600000,55868.46,55936.66,55699.39,55846.88,592.647339,2021-04-21 01:30:00
1618969500000,55846.88,56205.88,55813.25,56044.2,640.220172,2021-04-21 01:45:00
1618970400000,56044.75,56068.18,55931.03,55960.24,393.956267,2021-04-21 02:00:00
1618971300000,55960.24,56064.28,55894.95,56013.57,454.795739,2021-04-21 02:15:00
1618972200000,56013.57,56300.0,55980.53,56103.01,439.251522,2021-04-21 02:30:00
1618973100000,56103.01,56242.79,56103.0,56109.73,393.650312,2021-04-21 02:45:00
1618974000000,56109.72,56171.39,56015.69,56050.75,570.572145,2021-04-21 03:00:00
1618974900000,56050.74,56055.25,55613.39,55747.11,792.556813,2021-04-21 03:15:00
1618975800000,55747.11,55851.23,55438.22,55733.96,686.894613,2021-04-21 03:30:00
1618976700000,55733.96,55785.62,55170.61,55204.6,689.003455,2021-04-21 03:45:00
1618977600000,55204.6,55419.45,55060.01,55093.13,856.889992,2021-04-21 04:00:00
1618978500000,55093.14,55427.5,54968.69,55328.4,701.148057,2021-04-21 04:15:00
1618979400000,55325.64,55470.55,55318.17,55444.43,509.222994,2021-04-21 04:30:00
1618980300000,55444.43,55559.35,55386.3,55386.31,475.127347,2021-04-21 04:45:00
1618981200000,55386.3,55660.0,55100.0,55655.69,694.346212,2021-04-21 05:00:00
1618982100000,55651.95,55656.72,55286.68,55470.87,435.264345,2021-04-21 05:15:00
1618983000000,55470.86,55584.35,55200.0,55255.6,537.128867,2021-04-21 05:30:00
1618983900000,55255.61,55437.56,55058.54,55408.89,437.804858,2021-04-21 05:45:00
1618984800000,55406.1,55629.98,55140.17,55597.78,580.179982,2021-04-21 06:00:00
1618985700000,55597.78,55822.77,55490.18,55778.74,596.753868,2021-04-21 06:15:00
1618986600000,55778.74,55779.64,55589.33,55750.47,628.072076,2021-04-21 06:30:00
1618987500000,55750.47,55750.48,55541.6,55559.57,361.762136,2021-04-21 06:45:00
1618988400000,55559.58,55559.58,55218.0,55407.72,476.549877,2021-04-21 07:00:00
1618989300000,55407.72,55717.11,55274.0,55338.19,422.438616,2021-04-21 07:15:00
1618990200000,55338.19,55506.14,55158.31,55264.99,549.42422,2021-04-21 07:30:00
1618991100000,55269.01,55428.26,55171.71,55304.04,425.836138,2021-04-21 07:45:00
1618992000000,55304.04,55443.0,54757.63,55200.0,1186.072366,2021-04-21 08:00:00
1618992900000,55200.01,55346.36,54953.69,55208.65,468.968135,2021-04-21 08:15:00
1618993800000,55208.64,55510.16,55148.23,55458.97,522.271454,2021-04-21 08:30:00
1618994700000,55458.96,55670.0,55368.84,55445.49,516.334892,2021-04-21 08:45:00
1618995600000,55445.48,55620.0,55279.57,55578.96,448.55194,2021-04-21 09:00:00
1618996500000,55578.95,55750.0,55456.94,55623.99,513.754427,2021-04-21 09:15:00
1618997400000,55623.99,55666.56,55470.18,55539.39,394.382642,2021-04-21 09:30:00
1618998300000,55539.38,55712.0,55539.38,55570.01,439.833262,2021-04-21 09:45:00
1618999200000,55570.0,55597.49,55256.91,55331.13,673.049506,2021-04-21 10:00:00
1619000100000,55331.13,55499.99,55164.07,55170.71,525.24525,2021-04-21 10:15:00
1619001000000,55170.71,55247.41,54973.56,55142.85,1016.537288,2021-04-21 10:30:00
1619001900000,55142.84,55142.85,54801.25,54916.83,929.040979,2021-04-21 10:45:00
1619002800000,54916.83,55194.69,54754.68,55100.0,824.800674,2021-04-21 11:00:00
1619003700000,55100.0,55107.82,54491.97,54576.65,999.697889,2021-04-21 11:15:00
1619004600000,54576.65,54819.9,54441.62,54700.0,881.053063,2021-04-21 11:30:00
1619005500000,54700.0,54718.58,54276.85,54563.37,1105.306754,2021-04-21 11:45:00
1619006400000,54563.36,54877.41,54300.0,54829.62,954.34565,2021-04-21 12:00:00
1619007300000,54829.62,55350.0,54683.66,55284.62,1303.627448,2021-04-21 12:15:00
1619008200000,55280.42,55498.94,55118.29,55414.07,835.134968,2021-04-21 12:30:00
1619009100000,55414.08,55550.0,55320.0,55433.39,865.817092,2021-04-21 12:45:00
1619010000000,55433.39,55510.0,55284.34,55331.81,576.924287,2021-04-21 13:00:00
1619010900000,55331.8,55494.97,55326.53,55455.24,554.187704,2021-04-21 13:15:00
1619011800000,55455.24,55690.0,55455.24,55578.39,628.591996,2021-04-21 13:30:00
1619012700000,55578.39,55592.15,55401.1,55569.31,579.586428,2021-04-21 13:45:00
1619013600000,55569.31,55650.0,55363.64,55430.47,565.300198,2021-04-21 14:00:00
1619014500000,55430.48,55569.95,55217.22,55552.4,648.392464,2021-04-21 14:15:00
1619015400000,55550.89,56333.0,55550.89,56168.82,1667.084796,2021-04-21 14:30:00
1619016300000,56168.82,56269.99,56080.96,56182.11,848.751657,2021-04-21 14:45:00
1619017200000,56182.12,56346.7,55995.32,56182.09,1075.253185,2021-04-21 15:00:00
1619018100000,56182.09,56219.56,55921.99,55995.58,714.53755,2021-04-21 15:15:00
1619019000000,55997.0,56099.99,55896.48,55965.41,642.997713,2021-04-21 15:30:00
1619019900000,55965.4,56231.13,55810.0,56153.75,776.932506,2021-04-21 15:45:00
1619020800000,56149.93,56339.98,56100.0,56190.36,852.559287,2021-04-21 16:00:00
1619021700000,56190.36,56249.0,55995.0,56011.15,622.61511,2021-04-21 16:15:00
1619022600000,56011.14,56034.18,55631.26,55819.68,936.832499,2021-04-21 16:30:00
1619023500000,55819.67,55887.98,55657.0,55743.81,435.005,2021-04-21 16:45:00
1619024400000,55743.82,55819.52,55556.0,55687.76,590.770626,2021-04-21 17:00:00
1619025300000,55687.75,55807.33,55640.46,55665.22,462.799841,2021-04-21 17:15:00
1619026200000,55665.21,55749.62,55405.0,55545.87,664.194013,2021-04-21 17:30:00
1619027100000,55545.87,55662.13,55510.82,55526.01,369.804613,2021-04-21 17:45:00
1619028000000,55526.0,55610.9,55445.0,55487.28,480.532129,2021-04-21 18:00:00
1619028900000,55487.28,55551.22,55294.11,55459.58,518.64071,2021-04-21 18:15:00
1619029800000,55459.58,55494.45,55260.0,55281.31,428.284431,2021-04-21 18:30:00
1619030700000,55281.31,55426.75,55129.0,55306.35,547.687727,2021-04-21 18:45:00
1619031600000,55306.34,55478.76,55306.34,55417.39,456.76648,2021-04-21 19:00:00
1619032500000,55411.08,55616.86,55409.61,55570.41,334.862802,2021-04-21 19:15:00
1619033400000,55570.42,55738.14,55518.53,55590.35,440.499212,2021-04-21 19:30:00
1619034300000,55590.35,55601.36,55440.6,55478.7,412.818292,2021-04-21 19:45:00
1619035200000,55478.7,55481.16,55012.92,55057.65,642.556345,2021-04-21 20:00:00
1619036100000,55057.65,55135.0,54920.45,55019.7,688.152139,2021-04-21 20:15:00
1619037000000,55019.7,55290.91,54785.71,54790.93,714.8574,2021-04-21 20:30:00
1619037900000,54785.82,55061.29,54777.0,54956.93,545.321918,2021-04-21 20:45:00
1619038800000,54956.93,55106.27,54826.59,54841.49,626.616751,2021-04-21 21:00:00
1619039700000,54841.49,54965.85,54678.82,54949.99,659.001338,2021-04-21 21:15:00
1619040600000,54949.99,55378.43,54785.9,54787.28,494.913251,2021-04-21 21:30:00
1619041500000,54787.27,54930.45,54737.08,54745.78,441.756066,2021-04-21 21:45:00
1619042400000,54749.82,54899.41,54690.0,54822.54,431.178437,2021-04-21 22:00:00
1619043300000,54822.55,55030.0,53800.0,54400.91,1950.362515,2021-04-21 22:15:00
1619044200000,54400.91,54544.24,53842.0,54017.17,2507.056516,2021-04-21 22:30:00
1619045100000,54017.17,54278.78,53770.0,53996.73,1081.076531,2021-04-21 22:45:00
1619046000000,53996.73,54235.0,53536.02,53859.1,1187.476372,2021-04-21 23:00:00
1619046900000,53859.1,54084.12,53620.43,53900.53,893.104308,2021-04-21 23:15:00
1619047800000,53900.52,54337.93,53900.5,54261.09,729.915865,2021-04-21 23:30:00
1619048700000,54261.08,54261.09,53728.27,53787.63,764.514502,2021-04-21 23:45:00
1619049600000,53787.62,54147.76,53200.0,53449.81,2244.209208,2021-04-22 00:00:00
1619050500000,53449.81,53962.22,53340.24,53950.14,962.350698,2021-04-22 00:15:00
1619051400000,53950.14,54275.48,53761.64,53978.0,903.144011,2021-04-22 00:30:00
1619052300000,53978.01,54135.0,53740.07,54070.0,741.290677,2021-04-22 00:45:00
1619053200000,54070.0,54524.84,54034.72,54504.74,905.654269,2021-04-22 01:00:00
1619054100000,54504.74,54638.0,54371.76,54394.89,704.148323,2021-04-22 01:15:00
1619055000000,54394.89,54437.2,54249.99,54327.49,476.046502,2021-04-22 01:30:00
1619055900000,54327.5,54461.69,53901.0,53911.88,716.558255,2021-04-22 01:45:00
1619056800000,53911.88,53958.56,52561.0,52965.17,3647.809069,2021-04-22 02:00:00
1619057700000,52923.09,53478.07,52615.2,53455.14,2805.270446,2021-04-22 02:15:00
1619058600000,53455.14,53800.0,53275.02,53734.96,1203.107881,2021-04-22 02:30:00
1619059500000,53737.45,53887.21,53628.62,53760.82,895.14341,2021-04-22 02:45:00
1619060400000,53760.81,54150.0,53657.09,53947.88,1192.28486,2021-04-22 03:00:00
1619061300000,53947.88,54050.0,53800.0,53802.36,915.739106,2021-04-22 03:15:00
1619062200000,53802.36,53898.0,53200.0,53561.77,1372.054321,2021-04-22 03:30:00
1619063100000,53561.77,53746.37,53329.93,53497.09,959.687635,2021-04-22 03:45:00
1619064000000,53494.63,54099.75,53450.0,54025.67,1019.158224,2021-04-22 04:00:00
1619064900000,54025.66,54345.82,53900.31,54264.2,789.897044,2021-04-22 04:15:00
1619065800000,54264.2,54356.79,53900.0,53918.07,716.704832,2021-04-22 04:30:00
1619066700000,53918.07,54285.6,53860.46,54271.67,616.568562,2021-04-22 04:45:00
1619067600000,54271.68,54430.0,54104.85,54230.33,628.632747,2021-04-22 05:00:00
1619068500000,54230.33,54350.0,54060.0,54169.34,532.213715,2021-04-22 05:15:00
1619069400000,54169.34,54350.0,54012.98,54223.32,586.622712,2021-04-22 05:30:00
1619070300000,54223.33,54621.67,54150.33,54457.72,908.0995,2021-04-22 05:45:00
1619071200000,54457.73,54630.0,54370.13,54546.51,629.967519,2021-04-22 06:00:00
1619072100000,54546.5,54850.0,54545.64,54660.41,1113.99511,2021-04-22 06:15:00
1619073000000,54657.69,54700.0,54252.38,54498.74,680.233525,2021-04-22 06:30:00
1619073900000,54498.75,54537.67,54370.94,54457.46,434.609505,2021-04-22 06:45:00
1619074800000,54457.46,54597.0,54251.0,54319.91,468.081326,2021-04-22 07:00:00
1619075700000,54319.91,54328.59,54096.08,54212.27,848.937904,2021-04-22 07:15:00
1619076600000,54212.27,54424.1,54198.17,54379.76,578.256437,2021-04-22 07:30:00
1619077500000,54379.77,54476.95,54099.45,54144.99,587.037244,2021-04-22 07:45:00
1619078400000,54146.01,54254.5,53716.69,53822.49,1076.588297,2021-04-22 08:00:00
1619079300000,53822.49,53866.82,53501.79,53659.74,1012.169789,2021-04-22 08:15:00
1619080200000,53659.74,53822.99,53364.21,53399.96,1154.607682,2021-04-22 08:30:00
1619081100000,53399.97,53740.0,53080.0,53652.0,1666.795251,2021-04-22 08:45:00
1619082000000,53652.0,53665.03,53249.02,53397.23,1035.123031,2021-04-22 09:00:00
1619082900000,53397.23,53818.16,53312.08,53673.61,871.20533,2021-04-22 09:15:00
1619083800000,53673.61,54076.69,53601.12,53940.03,758.344564,2021-04-22 09:30:00
1619084700000,53940.04,54350.0,53900.99,54303.92,652.995569,2021-04-22 09:45:00
1619085600000,54303.93,54380.0,54146.0,54214.18,649.774782,2021-04-22 10:00:00
1619086500000,54214.17,54442.53,54108.95,54374.19,608.155835,2021-04-22 10:15:00
1619087400000,54374.19,54444.0,54189.82,54272.51,707.651672,2021-04-22 10:30:00
1619088300000,54272.51,54281.69,53879.07,53899.71,795.899589,2021-04-22 10:45:00
1619089200000,53901.46,54049.99,53891.21,54041.67,614.383282,2021-04-22 11:00:00
1619090100000,54046.03,55213.76,54020.29,54956.97,1845.331532,2021-04-22 11:15:00
1619091000000,54956.97,55223.0,54797.62,54872.14,970.060118,2021-04-22 11:30:00
1619091900000,54878.19,54977.53,54711.0,54866.62,774.724576,2021-04-22 11:45:00
1619092800000,54866.63,55150.0,54752.55,54784.07,1213.165718,2021-04-22 12:00:00
1619093700000,54784.06,55050.0,54726.34,54926.99,616.669014,2021-04-22 12:15:00
1619094600000,54926.98,55521.48,54900.0,55158.04,1679.549977,2021-04-22 12:30:00
1619095500000,55158.05,55259.17,54949.34,54990.48,847.865854,2021-04-22 12:45:00
1619096400000,54990.49,55181.49,54760.0,54931.2,857.756291,2021-04-22 13:00:00
1619097300000,54931.19,55277.84,54867.32,55236.07,675.601791,2021-04-22 13:15:00
1619098200000,55234.21,55280.0,54650.56,54680.78,740.639248,2021-04-22 13:30:00
1619099100000,54680.78,54854.57,54391.56,54419.13,1094.235649,2021-04-22 13:45:00
1619100000000,54419.13,54790.0,54378.29,54635.14,762.823136,2021-04-22 14:00:00
1619100900000,54635.14,54834.44,54413.43,54564.45,683.207601,2021-04-22 14:15:00
1619101800000,54564.45,54741.2,54473.45,54651.59,551.836111,2021-04-22 14:30:00
1619102700000,54651.6,54861.08,54567.94,54744.24,613.680903,2021-04-22 14:45:00
1619103600000,54744.24,54843.24,54310.04,54463.67,758.186568,2021-04-22 15:00:00
1619104500000,54463.68,54561.28,54377.39,54432.27,485.194369,2021-04-22 15:15:00
1619105400000,54429.53,54562.02,54381.79,54464.7,499.232568,2021-04-22 15:30:00
1619106300000,54464.71,54709.5,54333.53,54651.64,634.08411,2021-04-22 15:45:00
1619107200000,54651.63,54760.96,54484.34,54559.41,676.219055,2021-04-22 16:00:00
1619108100000,54559.41,55166.19,54556.19,55092.62,810.770804,2021-04-22 16:15:00
1619109000000,55092.62,55128.0,54872.49,54921.64,491.677063,2021-04-22 16:30:00
1619109900000,54921.65,55000.0,54793.92,54897.11,581.267988,2021-04-22 16:45:00
1619110800000,54897.11,55018.67,54570.11,54597.36,881.24429,2021-04-22 17:00:00
1619111700000,54597.36,54597.37,54101.88,54368.63,1258.987565,2021-04-22 17:15:00
1619112600000,54368.64,54374.11,53955.13,53966.95,1203.84388,2021-04-22 17:30:00
1619113500000,53966.95,54147.17,53380.0,53437.4,1799.290178,2021-04-22 17:45:00
1619114400000,53437.4,53682.03,53271.68,53353.49,1711.659327,2021-04-22 18:00:00
1619115300000,53354.6,53565.18,52703.47,53314.67,2673.653498,2021-04-22 18:15:00
1619116200000,53314.67,53579.99,53107.01,53518.53,1291.838643,2021-04-22 18:30:00
1619117100000,53515.85,53549.66,53300.0,53372.69,889.110585,2021-04-22 18:45:00
1619118000000,53372.69,53472.23,52564.8,52667.76,1883.245392,2021-04-22 19:00:00
1619118900000,52667.76,52973.02,52222.17,52959.37,2106.204829,2021-04-22 19:15:00
1619119800000,52959.37,53550.0,52939.98,53244.37,1157.839851,2021-04-22 19:30:00
1619120700000,53248.74,53434.23,52884.9,52923.54,1084.259158,2021-04-22 19:45:00
1619121600000,52923.54,52932.39,52385.0,52678.06,1698.640832,2021-04-22 20:00:00
1619122500000,52678.06,52777.86,51833.58,52254.37,2163.512821,2021-04-22 20:15:00
1619123400000,52254.37,52531.29,51924.93,52353.43,1502.484101,2021-04-22 20:30:00
1619124300000,52353.43,52431.51,51500.0,51623.57,2254.702122,2021-04-22 20:45:00
1619125200000,51629.98,51746.49,50500.0,51375.24,4471.789981,2021-04-22 21:00:00
1619126100000,51375.24,52102.5,51333.27,51760.07,2318.022915,2021-04-22 21:15:00
1619127000000,51769.3,51996.96,51300.0,51720.49,1162.706502,2021-04-22 21:30:00
1619127900000,51714.28,51767.25,51031.47,51673.71,1635.070469,2021-04-22 21:45:00
1619128800000,51679.97,52234.74,51433.51,52165.6,1465.160838,2021-04-22 22:00:00
1619129700000,52165.61,52221.66,51786.1,51859.76,845.11271,2021-04-22 22:15:00
1619130600000,51859.76,51996.0,51605.0,51795.31,919.303875,2021-04-22 22:30:00
1619131500000,51795.31,51850.77,51310.34,51620.8,1089.793326,2021-04-22 22:45:00
1619132400000,51620.8,52175.6,51450.01,51986.38,994.607058,2021-04-22 23:00:00
1619133300000,51986.39,52221.01,51824.95,52145.09,681.00809,2021-04-22 23:15:00
1619134200000,52142.48,52164.77,51851.79,51956.32,560.36675,2021-04-22 23:30:00
1619135100000,51956.33,51997.85,51600.0,51690.96,685.723101,2021-04-22 23:45:00
1619136000000,51690.95,52077.67,51280.52,51958.04,1693.17081,2021-04-23 00:00:00
1619136900000,51958.05,52131.85,51894.19,52066.99,1036.75332,2021-04-23 00:15:00
1619137800000,52066.98,52094.61,51633.22,51650.85,879.652927,2021-04-23 00:30:00
1619138700000,51650.85,51900.0,51350.86,51524.09,1656.221392,2021-04-23 00:45:00
1619139600000,51524.76,51725.74,50955.71,51045.76,2375.300277,2021-04-23 01:00:00
1619140500000,51045.75,51446.54,50854.99,51407.98,1680.405247,2021-04-23 01:15:00
1619141400000,51407.97,51500.0,50600.0,50776.42,2268.643001,2021-04-23 01:30:00
1619142300000,50742.42,51322.39,49722.22,51080.59,5329.510414,2021-04-23 01:45:00
1619143200000,51048.59,51427.93,50268.0,50297.65,2822.915342,2021-04-23 02:00:00
1619144100000,50288.23,50593.46,48555.0,49380.73,5777.937442,2021-04-23 02:15:00
1619145000000,49392.22,49775.21,49000.01,49397.5,3522.937106,2021-04-23 02:30:00
1619145900000,49364.01,50255.26,49346.19,49999.99,3222.157818,2021-04-23 02:45:00
1619146800000,50000.0,50299.63,49744.72,49930.1,2128.107956,2021-04-23 03:00:00
1619147700000,49930.11,50113.99,49647.2,49953.6,2091.614905,2021-04-23 03:15:00
1619148600000,49953.6,50406.43,49768.54,50385.61,1519.000206,2021-04-23 03:30:00
1619149500000,50385.62,50435.45,50135.53,50298.76,1193.736558,2021-04-23 03:45:00
1619150400000,50298.76,50572.08,49551.96,49749.41,1960.325454,2021-04-23 04:00:00
1619151300000,49749.4,50000.0,49656.06,49949.09,927.61613,2021-04-23 04:15:00
1619152200000,49946.82,50050.23,49419.42,49470.83,1319.858609,2021-04-23 04:30:00
1619153100000,49469.63,49696.86,49073.61,49178.19,1846.331513,2021-04-23 04:45:00
1619154000000,49178.2,49477.08,48938.2,49014.29,1887.66372,2021-04-23 05:00:00
1619154900000,49014.29,49348.95,48443.01,49244.38,2894.403238,2021-04-23 05:15:00
1619155800000,49244.39,49700.0,49242.07,49454.65,1414.196502,2021-04-23 05:30:00
1619156700000,49454.65,49937.27,49450.01,49501.73,1165.792504,2021-04-23 05:45:00
1619157600000,49501.74,49528.99,49173.81,49426.48,1191.649563,2021-04-23 06:00:00
1619158500000,49426.48,49426.48,48650.0,48790.97,1605.26509,2021-04-23 06:15:00
1619159400000,48775.05,49110.87,48500.0,49059.84,2047.150156,2021-04-23 06:30:00
1619160300000,49058.69,49373.6,48608.24,49051.48,2097.00201,2021-04-23 06:45:00
1619161200000,49051.48,49360.05,48747.39,49345.09,1448.804224,2021-04-23 07:00:00
1619162100000,49345.09,49500.0,48881.43,48936.85,1455.211123,2021-04-23 07:15:00
1619163000000,48936.84,48980.5,48000.0,48252.8,3650.108987,2021-04-23 07:30:00
1619163900000,48251.59,48386.21,47700.0,47942.44,3359.86219,2021-04-23 07:45:00
1619164800000,47936.0,48400.0,47500.0,48156.22,2719.868486,2021-04-23 08:00:00
1619165700000,48156.22,48407.99,47905.83,48313.79,1724.156202,2021-04-23 08:15:00
1619166600000,48313.79,48645.0,48188.63,48287.71,2278.264168,2021-04-23 08:30:00
1619167500000,48287.7,48858.14,48120.02,48749.75,1516.152459,2021-04-23 08:45:00
1619168400000,48761.02,48783.6,48406.64,48683.0,1173.780135,2021-04-23 09:00:00
1619169300000,48683.0,48683.0,48166.81,48360.25,1003.779159,2021-04-23 09:15:00
1619170200000,48367.96,48564.04,47842.61,48156.71,1117.844457,2021-04-23 09:30:00
1619171100000,48165.28,48500.0,48045.67,48226.87,1088.282867,2021-04-23 09:45:00
1619172000000,48226.86,49445.87,48130.03,49256.81,2516.760214,2021-04-23 10:00:00
1619172900000,49255.17,49541.43,49099.43,49257.29,1514.742599,2021-04-23 10:15:00
1619173800000,49257.29,49665.32,49202.02,49537.37,1454.099064,2021-04-23 10:30:00
1619174700000,49537.37,49541.2,49213.1,49455.53,902.260162,2021-04-23 10:45:00
1619175600000,49457.48,49673.8,49271.03,49543.13,908.563635,2021-04-23 11:00:00
1619176500000,49543.13,49950.0,49514.71,49786.58,1265.521542,2021-04-23 11:15:00
1619177400000,49786.58,50269.17,49750.0,50098.06,1609.166449,2021-04-23 11:30:00
1619178300000,50098.06,50215.16,49735.25,50070.36,1338.759449,2021-04-23 11:45:00
1619179200000,50070.36,50300.0,49774.18,49827.91,1223.811722,2021-04-23 12:00:00
1619180100000,49824.07,50055.84,49534.95,49678.35,1002.518285,2021-04-23 12:15:00
1619181000000,49679.92,49899.9,49540.77,49886.44,615.857823,2021-04-23 12:30:00
1619181900000,49891.3,49899.9,49189.43,49249.3,1206.637497,2021-04-23 12:45:00
1619182800000,49249.3,49456.45,49116.01,49390.75,1161.179062,2021-04-23 13:00:00
1619183700000,49400.0,49470.33,48699.09,48925.09,1325.098789,2021-04-23 13:15:00
1619184600000,48925.09,49025.0,48541.0,48724.28,1198.414934,2021-04-23 13:30:00
1619185500000,48724.28,49245.95,48603.09,49127.39,1078.222304,2021-04-23 13:45:00
1619186400000,49128.47,49450.0,48811.57,49367.31,1088.797333,2021-04-23 14:00:00
1619187300000,49367.31,49470.34,49200.0,49318.51,585.473682,2021-04-23 14:15:00
1619188200000,49318.5,49943.91,49309.58,49733.39,905.263339,2021-04-23 14:30:00
1619189100000,49732.84,49777.48,49515.96,49728.37,667.653333,2021-04-23 14:45:00
1619190000000,49728.42,49750.13,49049.15,49294.71,977.234384,2021-04-23 15:00:00
1619190900000,49294.71,49449.76,48981.0,49171.52,667.058519,2021-04-23 15:15:00
1619191800000,49171.53,49785.84,49164.27,49599.34,881.876552,2021-04-23 15:30:00
1619192700000,49599.35,49935.01,49590.47,49836.62,1226.293172,2021-04-23 15:45:00
1619193600000,49836.63,50126.48,49572.09,49588.69,1161.486503,2021-04-23 16:00:00
1619194500000,49591.16,49880.0,49470.26,49660.17,603.970727,2021-04-23 16:15:00
1619195400000,49660.17,50000.0,49473.33,49898.77,590.322275,2021-04-23 16:30:00
1619196300000,49898.76,49999.0,49727.44,49836.91,572.348399,2021-04-23 16:45:00
1619197200000,49836.9,49898.0,49510.42,49664.25,616.657168,2021-04-23 17:00:00
1619198100000,49664.24,50115.75,49650.03,49962.59,1013.208769,2021-04-23 17:15:00
1619199000000,49962.6,50036.49,49600.52,49841.37,777.379713,2021-04-23 17:30:00
1619199900000,49841.37,50047.69,49675.62,49824.74,593.475976,2021-04-23 17:45:00
1619200800000,49827.18,50013.36,49620.02,49981.26,513.878711,2021-04-23 18:00:00
1619201700000,49980.84,50400.0,49864.96,50356.1,717.859932,2021-04-23 18:15:00
1619202600000,50356.09,50762.04,50207.05,50699.0,969.205068,2021-04-23 18:30:00
1619203500000,50699.0,50777.0,50509.25,50563.59,888.01073,2021-04-23 18:45:00
1619204400000,50563.59,50665.19,50413.51,50577.36,636.401005,2021-04-23 19:00:00
1619205300000,50577.37,50691.51,50432.27,50630.66,497.869424,2021-04-23 19:15:00
1619206200000,50627.94,50800.0,50545.0,50748.83,706.731592,2021-04-23 19:30:00
1619207100000,50748.83,50920.0,50632.65,50876.72,902.726301,2021-04-23 19:45:00
1619208000000,50876.71,51200.0,50875.0,51135.64,1578.488229,2021-04-23 20:00:00
1619208900000,51135.65,51255.07,51000.0,51215.91,1071.905582,2021-04-23 20:15:00
1619209800000,51218.51,51301.34,50989.9,51050.0,945.96431,2021-04-23 20:30:00
1619210700000,51050.0,51052.78,50500.0,50504.32,1295.675714,2021-04-23 20:45:00
1619211600000,50505.35,50950.01,50500.0,50853.71,645.281914,2021-04-23 21:00:00
1619212500000,50853.71,50950.0,50600.0,50669.08,460.36851,2021-04-23 21:15:00
1619213400000,50669.09,50737.62,50455.08,50601.15,473.630135,2021-04-23 21:30:00
1619214300000,50609.49,50616.63,50284.38,50298.07,902.468078,2021-04-23 21:45:00
1619215200000,50298.07,50635.31,50290.18,50453.37,530.878567,2021-04-23 22:00:00
1619216100000,50455.9,50503.41,50140.0,50447.68,552.017821,2021-04-23 22:15:00
1619217000000,50447.76,50720.0,50264.99,50589.55,468.935224,2021-04-23 22:30:00
1619217900000,50589.55,50636.08,50406.73,50469.05,250.266592,2021-04-23 22:45:00
1619218800000,50469.12,50779.21,50469.11,50694.15,364.744938,2021-04-23 23:00:00
1619219700000,50694.15,50850.0,50637.62,50829.73,335.834307,2021-04-23 23:15:00
1619220600000,50836.14,50962.0,50689.39,50944.21,369.376864,2021-04-23 23:30:00
1619221500000,50955.2,51146.77,50862.5,51125.14,513.028342,2021-04-23 23:45:00
1619222400000,51110.56,51166.22,50445.57,50766.81,993.42307,2021-04-24 00:00:00
1619223300000,50766.82,50771.48,50050.0,50068.74,837.750658,2021-04-24 00:15:00
1619224200000,50068.74,50321.05,49736.31,49815.68,1232.497738,2021-04-24 00:30:00
1619225100000,49815.69,49929.71,49560.0,49864.95,1006.578318,2021-04-24 00:45:00
1619226000000,49864.94,50047.07,49702.51,49964.29,683.835028,2021-04-24 01:00:00
1619226900000,49972.52,50050.0,49743.22,49877.49,432.036727,2021-04-24 01:15:00
1619227800000,49877.5,50006.99,49700.4,49874.3,436.741282,2021-04-24 01:30:00
1619228700000,49874.3,49990.0,49712.82,49724.1,433.053472,2021-04-24 01:45:00
1619229600000,49724.1,49786.91,49304.06,49355.15,905.453052,2021-04-24 02:00:00
1619230500000,49359.48,49840.64,49331.04,49840.63,511.827864,2021-04-24 02:15:00
1619231400000,49840.64,50395.15,49770.13,50238.91,807.378441,2021-04-24 02:30:00
1619232300000,50238.91,50300.01,49903.45,50067.37,535.60457,2021-04-24 02:45:00
1619233200000,50067.36,50284.35,50011.39,50063.69,490.703308,2021-04-24 03:00:00
1619234100000,50063.7,50260.82,50063.69,50220.35,423.167579,2021-04-24 03:15:00
1619235000000,50220.35,50452.37,50210.0,50283.72,504.973982,2021-04-24 03:30:00
1619235900000,50289.7,50290.44,50065.85,50109.93,355.602507,2021-04-24 03:45:00
1619236800000,50109.92,50383.76,49900.0,50251.73,454.441314,2021-04-24 04:00:00
1619237700000,50250.5,50359.99,50021.1,50202.45,327.139433,2021-04-24 04:15:00
1619238600000,50202.46,50418.2,50116.27,50400.96,426.309556,2021-04-24 04:30:00
1619239500000,50400.96,50631.16,50317.24,50412.76,544.394755,2021-04-24 04:45:00
1619240400000,50412.76,50500.0,50200.0,50273.75,458.138537,2021-04-24 05:00:00
1619241300000,50273.75,50408.0,50175.19,50286.51,298.192624,2021-04-24 05:15:00
1619242200000,50286.51,50428.99,50221.06,50361.08,323.64931,2021-04-24 05:30:00
1619243100000,50361.07,50544.86,50350.01,50456.09,490.794751,2021-04-24 05:45:00
1619244000000,50456.09,50520.57,50302.0,50494.45,383.808827,2021-04-24 06:00:00
1619244900000,50494.44,50520.13,50306.47,50372.37,294.301104,2021-04-24 06:15:00
1619245800000,50372.37,50430.0,50155.0,50177.97,469.19431,2021-04-24 06:30:00
1619246700000,50177.97,50363.33,50155.0,50210.75,421.227871,2021-04-24 06:45:00
1619247600000,50210.76,50210.76,49778.51,49884.18,990.614327,2021-04-24 07:00:00
1619248500000,49888.51,49949.78,49649.7,49915.67,829.582679,2021-04-24 07:15:00
1619249400000,49915.68,50026.16,49732.82,49810.02,456.373371,2021-04-24 07:30:00
1619250300000,49810.02,49883.49,49708.79,49805.2,293.697165,2021-04-24 07:45:00
1619251200000,49798.96,50005.0,49689.09,49915.95,498.493817,2021-04-24 08:00:00
1619252100000,49915.95,50156.04,49903.4,50007.52,527.633346,2021-04-24 08:15:00
1619253000000,50007.52,50217.89,49964.94,50090.94,669.994262,2021-04-24 08:30:00
1619253900000,50093.94,50107.99,49730.0,49762.54,409.127598,2021-04-24 08:45:00
1619254800000,49762.54,49762.55,49464.15,49666.2,927.06921,2021-04-24 09:00:00
1619255700000,49666.2,49702.7,49424.0,49535.07,503.913247,2021-04-24 09:15:00
1619256600000,49535.07,49742.06,49500.0,49664.61,378.14935,2021-04-24 09:30:00
1619257500000,49664.6,49800.0,49480.06,49507.07,389.529001,2021-04-24 09:45:00
1619258400000,49507.16,49509.27,48977.0,49153.95,1293.702227,2021-04-24 10:00:00
1619259300000,49153.96,49330.27,49064.37,49189.32,586.812898,2021-04-24 10:15:00
1619260200000,49189.32,49385.88,48925.15,49157.42,855.951995,2021-04-24 10:30:00
1619261100000,49157.43,49387.74,48983.72,48991.37,751.648541,2021-04-24 10:45:00
1619262000000,48991.36,49145.14,48721.01,49080.3,1443.307844,2021-04-24 11:00:00
1619262900000,49080.37,49523.0,49020.44,49341.97,772.704608,2021-04-24 11:15:00
1619263800000,49341.98,49508.54,48969.98,48992.36,713.556126,2021-04-24 11:30:00
1619264700000,48992.36,49105.76,48657.14,49073.71,1269.9592,2021-04-24 11:45:00
1619265600000,49072.12,49388.0,48917.16,49285.6,992.452401,2021-04-24 12:00:00
1619266500000,49285.61,49489.0,49020.8,49430.0,729.520473,2021-04-24 12:15:00
1619267400000,49430.0,49719.83,49283.28,49667.33,1012.080822,2021-04-24 12:30:00
1619268300000,49664.86,49797.61,49511.47,49549.87,869.988846,2021-04-24 12:45:00
1619269200000,49554.73,49624.52,49334.49,49428.81,1045.185694,2021-04-24 13:00:00
1619270100000,49428.81,49747.48,49428.8,49579.99,539.959358,2021-04-24 13:15:00
1619271000000,49579.9,49728.56,49500.0,49578.29,378.914795,2021-04-24 13:30:00
1619271900000,49578.29,49655.0,49442.17,49554.32,415.340158,2021-04-24 13:45:00
1619272800000,49554.32,49554.33,49100.0,49134.84,683.522781,2021-04-24 14:00:00
1619273700000,49134.85,49389.92,49122.64,49337.09,529.94004,2021-04-24 14:15:00
1619274600000,49343.53,49545.08,49212.41,49362.0,452.930893,2021-04-24 14:30:00
1619275500000,49362.0,49509.96,49250.0,49294.71,372.861661,2021-04-24 14:45:00
1619276400000,49295.64,49295.64,48900.0,49116.05,1025.257903,2021-04-24 15:00:00
1619277300000,49116.05,49685.0,49110.38,49684.99,555.65714,2021-04-24 15:15:00
1619278200000,49685.0,50170.59,49683.51,49930.71,1420.698115,2021-04-24 15:30:00
1619279100000,49935.02,50360.63,49873.46,50212.03,1193.990496,2021-04-24 15:45:00
1619280000000,50210.01,50300.0,49873.44,49874.22,938.907177,2021-04-24 16:00:00
1619280900000,49874.22,50132.55,49873.44,49995.82,443.552838,2021-04-24 16:15:00
1619281800000,49997.96,50197.47,49960.7,50028.6,283.998406,2021-04-24 16:30:00
1619282700000,50023.3,50027.22,49838.72,49894.73,337.936218,2021-04-24 16:45:00
1619283600000,49894.73,50000.0,49676.97,49747.0,412.370226,2021-04-24 17:00:00
1619284500000,49747.0,49948.78,49650.0,49948.77,378.152769,2021-04-24 17:15:00
1619285400000,49948.78,50159.76,49830.0,49972.19,397.674158,2021-04-24 17:30:00
1619286300000,49976.63,50154.63,49972.19,50121.31,393.582456,2021-04-24 17:45:00
1619287200000,50123.44,50235.81,49986.03,50219.7,304.659227,2021-04-24 18:00:00
1619288100000,50219.7,50800.74,50155.24,50674.62,1139.616308,2021-04-24 18:15:00
1619289000000,50674.33,50755.11,50552.24,50729.68,363.778095,2021-04-24 18:30:00
1619289900000,50729.67,50750.0,50480.04,50562.06,356.210549,2021-04-24 18:45:00
1619290800000,50562.05,50700.0,50562.05,50628.05,205.782125,2021-04-24 19:00:00
1619291700000,50628.05,50867.32,50620.57,50813.77,380.518209,2021-04-24 19:15:00
1619292600000,50817.43,50888.0,50689.76,50692.54,309.96782,2021-04-24 19:30:00
1619293500000,50692.54,50757.71,50569.16,50667.75,352.363201,2021-04-24 19:45:00
1619294400000,50667.79,50777.71,50535.86,50552.22,446.50405,2021-04-24 20:00:00
1619295300000,50552.22,50837.41,50546.0,50831.06,280.015235,2021-04-24 20:15:00
1619296200000,50831.06,50995.0,50690.89,50699.99,497.781213,2021-04-24 20:30:00
1619297100000,50699.99,50974.53,50699.99,50930.49,339.414839,2021-04-24 20:45:00
1619298000000,50930.49,51000.0,50656.58,50700.0,494.509168,2021-04-24 21:00:00
1619298900000,50699.18,50887.9,50623.01,50859.99,237.923639,2021-04-24 21:15:00
1619299800000,50860.0,51000.0,50830.01,50977.97,239.155559,2021-04-24 21:30:00
1619300700000,50970.06,50973.77,50701.0,50853.72,283.938597,2021-04-24 21:45:00
1619301600000,50853.71,50934.4,50565.88,50739.51,456.221339,2021-04-24 22:00:00
1619302500000,50739.51,50767.65,50453.0,50530.0,411.31936,2021-04-24 22:15:00
1619303400000,50530.01,50783.42,50530.0,50635.47,246.18523,2021-04-24 22:30:00
1619304300000,50635.48,50771.46,50223.72,50298.84,493.923688,2021-04-24 22:45:00
1619305200000,50292.32,50519.75,50220.06,50273.62,349.601923,2021-04-24 23:00:00
1619306100000,50265.43,50485.41,50234.79,50342.24,251.372558,2021-04-24 23:15:00
1619307000000,50342.25,50480.24,50260.84,50309.97,312.101398,2021-04-24 23:30:00
1619307900000,50309.97,50309.98,49900.0,50047.84,760.132619,2021-04-24 23:45:00
1619308800000,50047.84,50265.29,49851.74,50190.68,729.419782,2021-04-25 00:00:00
1619309700000,50190.69,50302.15,50075.06,50086.03,562.246808,2021-04-25 00:15:00
1619310600000,50086.03,50090.41,49865.76,49999.99,429.328618,2021-04-25 00:30:00
1619311500000,49999.99,50168.69,49716.41,49821.69,520.500396,2021-04-25 00:45:00
1619312400000,49821.69,49939.48,49800.0,49851.45,307.850742,2021-04-25 01:00:00
1619313300000,49851.45,50250.0,49838.64,50228.35,391.485287,2021-04-25 01:15:00
1619314200000,50233.4,50306.12,50092.23,50167.98,317.539442,2021-04-25 01:30:00
1619315100000,50167.97,50300.99,50078.67,50132.66,287.944126,2021-04-25 01:45:00
1619316000000,50132.66,50267.54,50132.66,50186.54,299.434184,2021-04-25 02:00:00
1619316900000,50186.54,50452.85,50170.0,50390.95,335.983993,2021-04-25 02:15:00
1619317800000,50390.95,50390.95,50249.32,50258.62,295.485565,2021-04-25 02:30:00
1619318700000,50258.61,50316.31,50120.88,50289.01,280.018447,2021-04-25 02:45:00
1619319600000,50289.01,50331.16,50185.45,50205.01,216.867985,2021-04-25 03:00:00
1619320500000,50205.01,50241.29,49821.7,49939.97,539.831585,2021-04-25 03:15:00
1619321400000,49939.97,50035.8,49756.7,49811.94,313.353839,2021-04-25 03:30:00
1619322300000,49811.93,49855.44,49600.0,49615.54,593.717914,2021-04-25 03:45:00
1619323200000,49626.76,49705.04,49600.24,49683.94,5.887034,2021-04-25 04:00:00
1619340300000,49683.95,50280.0,49671.52,50086.13,920.193121,2021-04-25 08:45:00
1619341200000,50086.77,50223.21,49800.0,49829.99,583.618666,2021-04-25 09:00:00
1619342100000,49829.99,49830.0,49334.03,49386.36,989.229692,2021-04-25 09:15:00
1619343000000,49383.83,49542.19,49161.94,49340.01,1538.460369,2021-04-25 09:30:00
1619343900000,49340.01,49572.45,49251.02,49486.62,724.553536,2021-04-25 09:45:00
1619344800000,49486.62,49888.0,49182.9,49784.13,1639.800455,2021-04-25 10:00:00
1619345700000,49784.14,49918.0,49588.88,49682.38,689.109916,2021-04-25 10:15:00
1619346600000,49682.38,49705.0,49325.47,49445.77,929.433199,2021-04-25 10:30:00
1619347500000,49445.77,49494.38,49179.43,49342.51,641.916417,2021-04-25 10:45:00
1619348400000,49339.75,49463.71,49248.52,49400.0,433.975711,2021-04-25 11:00:00
1619349300000,49400.0,49549.99,49293.66,49499.05,419.742186,2021-04-25 11:15:00
1619350200000,49499.06,49545.55,49311.65,49405.54,416.732505,2021-04-25 11:30:00
1619351100000,49405.54,49683.54,49386.52,49550.73,596.961133,2021-04-25 11:45:00
1619352000000,49550.74,49875.5,49450.0,49785.0,536.426753,2021-04-25 12:00:00
1619352900000,49785.0,49849.98,49617.83,49710.97,513.183862,2021-04-25 12:15:00
1619353800000,49710.97,49837.0,49568.85,49813.72,433.580054,2021-04-25 12:30:00
1619354700000,49813.73,49974.65,49731.72,49859.54,929.795436,2021-04-25 12:45:00
1619355600000,49861.21,49953.2,49750.0,49944.99,899.243335,2021-04-25 13:00:00
1619356500000,49945.0,50157.46,49805.49,49849.99,986.84953,2021-04-25 13:15:00
1619357400000,49849.99,49923.13,49755.34,49830.57,566.445948,2021-04-25 13:30:00
1619358300000,49830.57,49945.94,49830.57,49872.91,481.615699,2021-04-25 13:45:00
1619359200000,49872.9,49889.33,49700.0,49724.02,450.215935,2021-04-25 14:00:00
1619360100000,49724.01,50038.13,49700.21,50038.13,550.103531,2021-04-25 14:15:00
1619361000000,50038.13,50477.06,49958.99,50386.77,1027.834389,2021-04-25 14:30:00
1619361900000,50392.32,50500.0,50250.0,50335.68,802.143317,2021-04-25 14:45:00
1619362800000,50335.67,50500.0,50226.2,50383.26,754.819115,2021-04-25 15:00:00
1619363700000,50380.6,50567.91,50357.16,50376.47,711.120765,2021-04-25 15:15:00
1619364600000,50376.48,50419.28,50265.81,50320.04,430.839826,2021-04-25 15:30:00
1619365500000,50320.04,50358.5,50191.26,50257.97,514.28376,2021-04-25 15:45:00
1619366400000,50257.97,50307.0,50043.28,50161.27,726.945966,2021-04-25 16:00:00
1619367300000,50162.37,50250.0,50105.06,50190.27,357.846746,2021-04-25 16:15:00
1619368200000,50190.28,50261.99,50070.71,50207.53,349.180863,2021-04-25 16:30:00
1619369100000,50207.53,50395.49,50100.17,50395.49,496.67146,2021-04-25 16:45:00
1619370000000,50395.49,50434.0,50014.78,50043.21,574.855142,2021-04-25 17:00:00
1619370900000,50043.22,50132.97,49792.83,49890.0,757.085943,2021-04-25 17:15:00
1619371800000,49890.0,49989.6,49831.06,49850.9,346.698824,2021-04-25 17:30:00
1619372700000,49850.9,49969.0,49768.17,49921.81,386.492646,2021-04-25 17:45:00
1619373600000,49921.81,49949.23,49720.97,49831.98,514.490904,2021-04-25 18:00:00
1619374500000,49827.45,49827.46,49557.73,49625.01,655.92822,2021-04-25 18:15:00
1619375400000,49625.02,49730.0,49470.0,49609.26,745.964742,2021-04-25 18:30:00
1619376300000,49609.27,49749.74,49609.27,49622.7,537.689269,2021-04-25 18:45:00
1619377200000,49622.7,49785.95,49555.99,49717.58,355.303368,2021-04-25 19:00:00
1619378100000,49719.25,49733.23,49475.07,49558.61,333.09373,2021-04-25 19:15:00
1619379000000,49558.6,49733.48,49456.45,49530.42,438.404555,2021-04-25 19:30:00
1619379900000,49530.43,49623.26,49295.09,49333.01,655.422628,2021-04-25 19:45:00
1619380800000,49333.01,49518.42,49234.97,49448.2,526.508789,2021-04-25 20:00:00
1619381700000,49448.2,49593.18,49380.0,49523.97,309.926245,2021-04-25 20:15:00
1619382600000,49523.98,49579.0,49307.26,49370.09,397.758808,2021-04-25 20:30:00
1619383500000,49370.09,49370.09,47900.0,48094.68,4118.927527,2021-04-25 20:45:00
1619384400000,48097.99,48317.88,47672.34,48255.81,2364.950502,2021-04-25 21:00:00
1619385300000,48255.8,48392.49,47800.0,47944.26,1197.61716,2021-04-25 21:15:00
1619386200000,47944.12,47954.92,46930.0,47135.68,2711.846422,2021-04-25 21:30:00
1619387100000,47136.14,47754.61,46937.7,47598.87,1905.452359,2021-04-25 21:45:00
1619388000000,47598.87,48077.18,47507.31,48010.0,1404.530015,2021-04-25 22:00:00
1619388900000,48010.0,48147.98,47854.4,47944.97,790.314271,2021-04-25 22:15:00
1619389800000,47944.98,48528.57,47714.29,48431.44,1706.938403,2021-04-25 22:30:00
1619390700000,48445.6,48812.33,48420.0,48689.03,1705.539632,2021-04-25 22:45:00
1619391600000,48694.09,48850.0,48520.53,48603.16,777.10634,2021-04-25 23:00:00
1619392500000,48603.16,49171.76,48500.0,49056.55,1298.036941,2021-04-25 23:15:00
1619393400000,49056.54,49160.79,48869.99,48979.99,617.987283,2021-04-25 23:30:00
1619394300000,48980.0,49086.84,48782.03,49066.77,651.005393,2021-04-25 23:45:00
1619395200000,49066.76,49999.99,48753.44,49922.69,2056.374913,2021-04-26 00:00:00
1619396100000,49915.34,50300.0,49904.67,50102.55,1613.136973,2021-04-26 00:15:00
1619397000000,50102.55,50989.0,50050.46,50761.1,2129.931298,2021-04-26 00:30:00
1619397900000,50764.84,50920.01,50572.06,50900.0,1085.787918,2021-04-26 00:45:00
1619398800000,50899.99,50971.0,50567.28,50611.43,743.933165,2021-04-26 01:00:00
1619399700000,50611.42,50960.0,50437.37,50855.71,748.402658,2021-04-26 01:15:00
1619400600000,50855.71,51661.83,50855.7,51483.34,2886.77066,2021-04-26 01:30:00
1619401500000,51483.34,51983.56,51394.69,51920.39,1853.953684,2021-04-26 01:45:00
1619402400000,51920.39,52500.0,51920.39,52190.02,2340.712423,2021-04-26 02:00:00
1619403300000,52190.01,52253.29,51751.22,51935.63,1278.484536,2021-04-26 02:15:00
1619404200000,51935.63,51983.33,51698.09,51938.81,827.820411,2021-04-26 02:30:00
1619405100000,51938.81,51997.09,51818.19,51969.24,610.51342,2021-04-26 02:45:00
1619406000000,51961.34,52263.18,51961.34,52255.01,1135.371295,2021-04-26 03:00:00
1619406900000,52255.01,52288.95,51940.0,51940.0,575.983352,2021-04-26 03:15:00
1619407800000,51940.0,52087.99,51833.31,52012.15,496.215569,2021-04-26 03:30:00
1619408700000,52012.15,52427.97,52012.15,52398.99,940.044721,2021-04-26 03:45:00
1619409600000,52398.99,52722.35,52130.64,52213.04,1084.050809,2021-04-26 04:00:00
1619410500000,52213.04,52236.56,52000.0,52193.05,818.451597,2021-04-26 04:15:00
1619411400000,52193.05,52366.72,52035.08,52229.17,715.494971,2021-04-26 04:30:00
1619412300000,52235.0,52379.99,52194.24,52299.99,493.165077,2021-04-26 04:45:00
1619413200000,52300.0,52450.0,52051.06,52087.67,820.273653,2021-04-26 05:00:00
1619414100000,52087.67,52350.0,52081.36,52304.64,496.187411,2021-04-26 05:15:00
1619415000000,52304.64,52485.0,52263.35,52380.1,717.516336,2021-04-26 05:30:00
1619415900000,52380.1,52579.91,52300.97,52535.23,537.815306,2021-04-26 05:45:00
1619416800000,52535.23,52840.0,52421.23,52821.38,862.383008,2021-04-26 06:00:00
1619417700000,52821.38,52830.0,52601.03,52623.87,780.321192,2021-04-26 06:15:00
1619418600000,52623.87,52984.55,52623.87,52962.68,1024.862207,2021-04-26 06:30:00
1619419500000,52962.68,53080.0,52750.43,52832.0,1324.880798,2021-04-26 06:45:00
1619420400000,52831.99,52900.0,52511.28,52652.59,940.410187,2021-04-26 07:00:00
1619421300000,52652.59,52724.45,52445.48,52703.98,838.102182,2021-04-26 07:15:00
1619422200000,52703.98,52933.37,52662.73,52929.77,592.837689,2021-04-26 07:30:00
1619423100000,52929.78,52969.35,52700.0,52801.37,935.842806,2021-04-26 07:45:00
1619424000000,52801.37,52981.07,52569.23,52586.86,861.442054,2021-04-26 08:00:00
1619424900000,52586.87,52721.3,52520.0,52686.99,452.61562,2021-04-26 08:15:00
1619425800000,52686.99,52869.25,52576.25,52646.98,540.843217,2021-04-26 08:30:00
1619426700000,52646.98,52716.54,52507.41,52584.19,527.24517,2021-04-26 08:45:00
1619427600000,52584.19,52630.0,52275.0,52408.73,805.638156,2021-04-26 09:00:00
1619428500000,52408.72,52517.0,52340.0,52347.83,662.347969,2021-04-26 09:15:00
1619429400000,52347.83,52640.47,52341.65,52623.12,641.063524,2021-04-26 09:30:00
1619430300000,52623.13,53544.68,52604.02,53450.04,2133.56265,2021-04-26 09:45:00
1619431200000,53450.04,53530.29,53192.47,53366.81,1118.011927,2021-04-26 10:00:00
1619432100000,53366.81,53508.89,53266.33,53422.93,829.206127,2021-04-26 10:15:00
1619433000000,53422.93,53422.93,53150.0,53185.33,698.601415,2021-04-26 10:30:00
1619433900000,53185.34,53323.11,53119.01,53217.03,478.405865,2021-04-26 10:45:00
1619434800000,53217.03,53533.58,53217.03,53468.65,810.765292,2021-04-26 11:00:00
1619435700000,53468.64,53682.0,53350.0,53428.04,980.941165,2021-04-26 11:15:00
1619436600000,53428.04,53650.0,53263.99,53618.24,881.958714,2021-04-26 11:30:00
1619437500000,53618.25,53685.0,53426.3,53598.39,634.796599,2021-04-26 11:45:00
1619438400000,53598.39,53846.99,53430.62,53564.76,985.077735,2021-04-26 12:00:00
1619439300000,53564.77,53800.56,53407.82,53774.91,686.0846,2021-04-26 12:15:00
1619440200000,53773.73,53950.0,53660.31,53799.99,1331.960312,2021-04-26 12:30:00
1619441100000,53800.0,53829.75,53455.36,53484.75,1128.307927,2021-04-26 12:45:00
1619442000000,53484.74,53622.09,53200.36,53239.99,1049.890565,2021-04-26 13:00:00
1619442900000,53239.99,53691.33,53200.0,53674.49,943.872064,2021-04-26 13:15:00
1619443800000,53674.5,53893.41,53625.0,53893.41,908.322405,2021-04-26 13:30:00
1619444700000,53893.41,53894.61,53533.74,53659.52,778.417174,2021-04-26 13:45:00
1619445600000,53657.33,53844.19,53552.61,53652.0,604.594614,2021-04-26 14:00:00
1619446500000,53651.99,53699.0,53440.1,53587.65,699.906046,2021-04-26 14:15:00
1619447400000,53587.64,53649.72,53354.38,53617.18,636.048945,2021-04-26 14:30:00
1619448300000,53617.19,53734.5,53455.16,53545.87,629.993798,2021-04-26 14:45:00
1619449200000,53545.87,53700.0,53239.69,53334.32,732.983292,2021-04-26 15:00:00
1619450100000,53334.31,53593.21,53257.09,53486.68,528.676926,2021-04-26 15:15:00
1619451000000,53486.69,53660.0,53472.86,53591.9,464.480294,2021-04-26 15:30:00
1619451900000,53591.9,53700.02,53509.05,53571.12,379.177527,2021-04-26 15:45:00
1619452800000,53571.13,53757.97,53124.0,53285.12,1189.439795,2021-04-26 16:00:00
1619453700000,53285.11,53398.37,52868.07,53063.61,1430.262766,2021-04-26 16:15:00
1619454600000,53063.62,53378.57,52911.68,53182.11,779.977416,2021-04-26 16:30:00
1619455500000,53182.12,53379.99,53182.12,53284.61,531.045629,2021-04-26 16:45:00
1619456400000,53284.6,53775.47,53276.75,53716.58,636.607708,2021-04-26 17:00:00
1619457300000,53716.58,54356.62,53679.69,54289.56,1576.150733,2021-04-26 17:15:00
1619458200000,54289.56,54289.56,54010.68,54172.9,823.216021,2021-04-26 17:30:00
1619459100000,54172.9,54185.3,53872.88,54034.75,817.445511,2021-04-26 17:45:00
1619460000000,54034.74,54199.98,53880.27,54197.44,486.693719,2021-04-26 18:00:00
1619460900000,54197.45,54199.43,53946.59,54124.62,620.863625,2021-04-26 18:15:00
1619461800000,54124.61,54284.46,54100.27,54129.1,797.149675,2021-04-26 18:30:00
1619462700000,54129.1,54250.0,54099.23,54245.87,556.528333,2021-04-26 18:45:00
1619463600000,54245.87,54300.0,53730.91,53900.18,1369.268265,2021-04-26 19:00:00
1619464500000,53900.19,53992.16,53771.43,53776.18,805.230371,2021-04-26 19:15:00
1619465400000,53776.18,53970.0,53710.13,53843.12,405.572839,2021-04-26 19:30:00
1619466300000,53843.12,54066.84,53702.08,54036.19,739.063435,2021-04-26 19:45:00
1619467200000,54038.21,54040.0,53749.99,53749.99,472.902281,2021-04-26 20:00:00
1619468100000,53749.42,53850.0,53179.68,53199.07,1639.08329,2021-04-26 20:15:00
1619469000000,53199.07,53599.69,53190.16,53426.6,629.513848,2021-04-26 20:30:00
1619469900000,53425.61,53491.33,53180.0,53180.0,750.208913,2021-04-26 20:45:00
1619470800000,53180.01,53180.01,52680.0,52938.8,2012.174321,2021-04-26 21:00:00
1619471700000,52941.1,52956.24,52600.36,52671.84,1294.228045,2021-04-26 21:15:00
1619472600000,52667.39,53478.0,52667.39,53478.0,964.02002,2021-04-26 21:30:00
1619473500000,53477.99,53478.0,53190.27,53363.54,435.243946,2021-04-26 21:45:00
1619474400000,53363.53,53950.0,52857.14,53864.7,1060.257116,2021-04-26 22:00:00
1619475300000,53885.46,54250.0,53700.0,53726.1,1088.140936,2021-04-26 22:15:00
1619476200000,53726.1,53890.93,53448.92,53543.4,454.33415,2021-04-26 22:30:00
1619477100000,53543.41,53683.89,53442.88,53582.45,303.748983,2021-04-26 22:45:00
1619478000000,53582.45,53775.04,53451.12,53645.86,352.574234,2021-04-26 23:00:00
1619478900000,53645.87,54050.08,53629.99,53827.11,552.299649,2021-04-26 23:15:00
1619479800000,53827.11,53960.0,53752.57,53880.27,354.302911,2021-04-26 23:30:00
1619480700000,53880.28,54047.25,53826.37,54001.39,531.981727,2021-04-26 23:45:00
1619481600000,54001.38,54160.61,53673.46,53791.08,921.385241,2021-04-27 00:00:00
1619482500000,53791.08,53849.99,53519.0,53571.88,564.409622,2021-04-27 00:15:00
1619483400000,53571.88,53918.27,53571.88,53735.96,339.413491,2021-04-27 00:30:00
1619484300000,53735.95,53794.45,53630.58,53657.36,375.98799,2021-04-27 00:45:00
1619485200000,53657.35,53838.58,53571.88,53789.34,414.079228,2021-04-27 01:00:00
1619486100000,53789.33,53813.99,53603.33,53800.01,445.656555,2021-04-27 01:15:00
1619487000000,53800.01,53800.01,53600.68,53730.84,402.682186,2021-04-27 01:30:00
1619487900000,53730.84,53808.61,53581.29,53772.23,420.03116,2021-04-27 01:45:00
1619488800000,53772.23,53979.54,53728.68,53880.02,693.433357,2021-04-27 02:00:00
1619489700000,53880.02,54000.0,53800.0,53930.21,462.409304,2021-04-27 02:15:00
1619490600000,53930.21,53930.22,53779.09,53913.04,279.300297,2021-04-27 02:30:00
1619491500000,53913.04,53935.69,53783.61,53812.01,491.47024,2021-04-27 02:45:00
1619492400000,53812.0,53827.34,53622.45,53682.57,532.14038,2021-04-27 03:00:00
1619493300000,53682.57,53704.98,53267.71,53464.8,770.789126,2021-04-27 03:15:00
1619494200000,53464.81,53595.85,53377.39,53482.96,371.612157,2021-04-27 03:30:00
1619495100000,53482.97,53579.98,53430.42,53460.3,281.586404,2021-04-27 03:45:00
1619496000000,53460.3,53591.51,53400.58,53445.46,349.025136,2021-04-27 04:00:00
1619496900000,53445.46,53472.43,53222.0,53402.63,436.700382,2021-04-27 04:15:00
1619497800000,53402.63,53486.97,53300.63,53402.92,363.629912,2021-04-27 04:30:00
1619498700000,53402.92,53543.26,53294.36,53456.85,549.044456,2021-04-27 04:45:00
1619499600000,53456.85,53945.0,53405.82,53865.72,686.746031,2021-04-27 05:00:00
1619500500000,53865.73,53940.33,53790.12,53894.9,441.732363,2021-04-27 05:15:00
1619501400000,53894.93,53944.0,53834.15,53854.48,395.532131,2021-04-27 05:30:00
1619502300000,53854.47,53970.0,53776.86,53918.3,387.641682,2021-04-27 05:45:00
1619503200000,53918.3,54933.74,53898.61,54627.13,2365.263163,2021-04-27 06:00:00
1619504100000,54627.13,54778.6,54496.42,54750.0,949.221783,2021-04-27 06:15:00
1619505000000,54750.0,54788.32,54580.0,54708.09,721.222477,2021-04-27 06:30:00
1619505900000,54708.09,54799.4,54578.93,54700.34,532.438925,2021-04-27 06:45:00
1619506800000,54700.35,54763.65,54551.0,54745.85,530.115726,2021-04-27 07:00:00
1619507700000,54745.85,54879.72,54630.9,54668.95,827.585318,2021-04-27 07:15:00
1619508600000,54668.95,54672.18,54620.98,54648.15,389.116428,2021-04-27 07:30:00
1619509500000,54648.15,54676.86,54317.13,54545.01,596.350475,2021-04-27 07:45:00
1619510400000,54545.0,54831.78,54418.12,54713.35,614.721915,2021-04-27 08:00:00
1619511300000,54713.35,54986.96,54663.32,54782.9,550.215797,2021-04-27 08:15:00
1619512200000,54782.9,54850.0,54500.0,54565.87,645.364934,2021-04-27 08:30:00
1619513100000,54565.87,54628.81,54349.77,54430.17,592.208371,2021-04-27 08:45:00
1619514000000,54430.25,54584.26,54248.92,54339.19,587.737601,2021-04-27 09:00:00
1619514900000,54339.2,54615.38,54339.19,54520.47,351.114251,2021-04-27 09:15:00
1619515800000,54520.47,54688.49,54520.47,54623.47,335.054703,2021-04-27 09:30:00
1619516700000,54627.27,54683.11,54418.24,54487.04,550.043784,2021-04-27 09:45:00
1619517600000,54487.05,54670.0,54433.45,54511.52,646.23302,2021-04-27 10:00:00
1619518500000,54511.52,54650.0,54426.66,54551.0,579.078684,2021-04-27 10:15:00
1619519400000,54551.0,54620.0,54500.0,54548.07,405.46346,2021-04-27 10:30:00
1619520300000,54548.07,54782.7,54548.07,54683.34,517.609336,2021-04-27 10:45:00
1619521200000,54688.72,54898.0,54661.7,54838.54,565.473164,2021-04-27 11:00:00
1619522100000,54838.55,54950.0,54625.31,54728.76,889.611843,2021-04-27 11:15:00
1619523000000,54727.98,54944.93,54725.0,54882.51,729.621796,2021-04-27 11:30:00
1619523900000,54882.51,55242.32,54881.98,55152.43,1102.441689,2021-04-27 11:45:00
1619524800000,55152.43,55281.16,55000.0,55022.8,708.739741,2021-04-27 12:00:00
1619525700000,55029.21,55111.94,54907.93,54929.81,589.674052,2021-04-27 12:15:00
1619526600000,54929.81,54996.02,54736.78,54829.7,562.455059,2021-04-27 12:30:00
1619527500000,54829.7,54972.13,54806.74,54838.53,398.519549,2021-04-27 12:45:00
1619528400000,54838.53,54970.93,54838.53,54970.0,394.471122,2021-04-27 13:00:00
1619529300000,54970.0,54972.0,54833.05,54851.24,389.896512,2021-04-27 13:15:00
1619530200000,54851.24,55040.83,54400.0,54542.44,1106.58583,2021-04-27 13:30:00
1619531100000,54542.45,54742.88,54525.0,54726.35,700.021652,2021-04-27 13:45:00
1619532000000,54726.34,54735.58,54317.1,54508.57,1585.386408,2021-04-27 14:00:00
1619532900000,54508.56,55050.0,54258.32,55019.77,1392.699154,2021-04-27 14:15:00
1619533800000,55019.77,55036.69,54728.74,54964.25,1116.098754,2021-04-27 14:30:00
1619534700000,54963.35,55068.91,54890.75,54953.92,691.323918,2021-04-27 14:45:00
1619535600000,54953.27,55050.0,54820.38,54930.0,773.025527,2021-04-27 15:00:00
1619536500000,54930.01,54971.35,54831.02,54917.59,455.566121,2021-04-27 15:15:00
1619537400000,54917.59,55211.47,54861.27,55195.07,699.781752,2021-04-27 15:30:00
1619538300000,55195.08,55300.0,54954.31,54981.87,786.169728,2021-04-27 15:45:00
1619539200000,54981.86,55081.61,54787.87,54926.76,718.599359,2021-04-27 16:00:00
1619540100000,54926.76,55066.66,54761.18,54768.81,520.584836,2021-04-27 16:15:00
1619541000000,54763.93,54897.95,54648.22,54859.99,440.606887,2021-04-27 16:30:00
1619541900000,54860.0,54873.31,54545.64,54663.28,668.884782,2021-04-27 16:45:00
1619542800000,54663.28,54800.0,54258.4,54493.19,1031.316039,2021-04-27 17:00:00
1619543700000,54493.05,54933.45,54476.04,54813.63,618.949761,2021-04-27 17:15:00
1619544600000,54813.64,54900.0,54768.01,54795.35,267.558942,2021-04-27 17:30:00
1619545500000,54795.34,54909.98,54681.3,54875.62,286.164366,2021-04-27 17:45:00
1619546400000,54875.63,54884.99,54624.76,54730.23,366.687548,2021-04-27 18:00:00
1619547300000,54730.23,54914.46,54658.47,54902.94,345.298451,2021-04-27 18:15:00
1619548200000,54902.95,54991.45,54822.27,54852.39,386.537483,2021-04-27 18:30:00
1619549100000,54852.39,54988.17,54718.2,54960.01,466.054393,2021-04-27 18:45:00
1619550000000,54960.01,54976.49,54782.0,54866.65,318.000775,2021-04-27 19:00:00
1619550900000,54866.65,54974.06,54628.94,54695.49,461.161777,2021-04-27 19:15:00
1619551800000,54695.48,54777.77,54613.68,54667.15,316.255963,2021-04-27 19:30:00
1619552700000,54667.16,54790.0,54643.4,54761.7,275.868396,2021-04-27 19:45:00
1619553600000,54761.7,54948.0,54761.7,54896.57,439.244675,2021-04-27 20:00:00
1619554500000,54896.57,54960.0,54788.9,54953.0,312.857297,2021-04-27 20:15:00
1619555400000,54953.0,55027.26,54914.94,55000.48,327.672452,2021-04-27 20:30:00
1619556300000,55000.49,55183.33,54875.88,55133.88,388.05057,2021-04-27 20:45:00
1619557200000,55133.88,55154.22,54818.48,54935.55,246.890859,2021-04-27 21:00:00
1619558100000,54935.56,55000.0,54884.32,54929.17,203.066617,2021-04-27 21:15:00
1619559000000,54929.17,55162.28,54915.01,55156.95,244.184606,2021-04-27 21:30:00
1619559900000,55156.95,55460.0,55156.95,55275.29,1023.478838,2021-04-27 21:45:00
1619560800000,55275.29,55339.42,55151.0,55230.18,347.703027,2021-04-27 22:00:00
1619561700000,55230.19,55244.58,55012.47,55130.68,350.400544,2021-04-27 22:15:00
1619562600000,55130.68,55162.73,55012.39,55051.32,352.118053,2021-04-27 22:30:00
1619563500000,55051.32,55055.0,54875.36,54944.72,345.714041,2021-04-27 22:45:00
1619564400000,54944.72,54989.0,54738.43,54940.88,374.072037,2021-04-27 23:00:00
1619565300000,54940.88,55049.97,54926.57,55000.22,289.696399,2021-04-27 23:15:00
1619566200000,55000.21,55030.0,54800.0,55020.09,428.810293,2021-04-27 23:30:00
1619567100000,55020.1,55029.96,54811.01,55011.97,601.382256,2021-04-27 23:45:00
1619568000000,55011.97,55285.0,54967.38,55140.0,1088.067062,2021-04-28 00:00:00
1619568900000,55139.99,55430.0,55080.77,55281.26,575.980866,2021-04-28 00:15:00
1619569800000,55281.27,55466.31,55168.47,55337.64,628.220298,2021-04-28 00:30:00
1619570700000,55337.64,55428.57,55270.92,55384.61,355.937117,2021-04-28 00:45:00
1619571600000,55384.61,55650.05,55280.01,55576.45,916.402095,2021-04-28 01:00:00
1619572500000,55573.0,55738.0,55509.59,55613.0,602.094676,2021-04-28 01:15:00
1619573400000,55613.0,55709.24,55530.52,55572.03,384.317428,2021-04-28 01:30:00
1619574300000,55572.03,55587.04,55466.38,55471.2,469.974652,2021-04-28 01:45:00
1619575200000,55471.2,55600.0,55392.62,55588.6,522.445182,2021-04-28 02:00:00
1619576100000,55588.6,55629.67,55500.0,55513.14,467.831275,2021-04-28 02:15:00
1619577000000,55513.15,55596.89,55478.35,55520.01,545.738251,2021-04-28 02:30:00
1619577900000,55520.01,55520.01,55173.2,55189.99,701.129608,2021-04-28 02:45:00
1619578800000,55190.0,55276.76,55051.59,55222.07,660.248866,2021-04-28 03:00:00
1619579700000,55222.07,55239.01,55100.0,55121.16,522.041028,2021-04-28 03:15:00
1619580600000,55121.15,55145.0,54854.21,54889.39,764.877932,2021-04-28 03:30:00
1619581500000,54889.39,55059.27,54769.42,54774.05,529.915431,2021-04-28 03:45:00
1619582400000,54774.05,54939.8,54750.0,54920.38,492.170211,2021-04-28 04:00:00
1619583300000,54920.37,54995.07,54851.21,54970.47,296.179915,2021-04-28 04:15:00
1619584200000,54970.46,54971.36,54864.82,54897.6,275.330748,2021-04-28 04:30:00
1619585100000,54897.61,54909.11,54545.0,54820.54,552.935442,2021-04-28 04:45:00
1619586000000,54820.54,54938.4,54693.87,54901.93,288.597344,2021-04-28 05:00:00
1619586900000,54900.0,54937.13,54690.0,54753.23,310.646284,2021-04-28 05:15:00
1619587800000,54753.24,54758.55,54400.0,54537.32,945.958494,2021-04-28 05:30:00
1619588700000,54537.32,54650.0,54400.02,54594.5,427.906517,2021-04-28 05:45:00
1619589600000,54599.24,54628.65,54000.44,54152.55,1189.146836,2021-04-28 06:00:00
1619590500000,54152.55,54291.44,53839.52,54048.72,1241.060585,2021-04-28 06:15:00
1619591400000,54048.72,54371.13,53813.16,54341.2,1761.449762,2021-04-28 06:30:00
1619592300000,54341.2,54358.65,54012.92,54144.18,676.084783,2021-04-28 06:45:00
1619593200000,54144.18,54382.37,54040.01,54382.37,621.74094,2021-04-28 07:00:00
1619594100000,54382.37,54484.42,54152.91,54480.78,472.596087,2021-04-28 07:15:00
1619595000000,54480.78,54550.78,54304.82,54440.23,575.180276,2021-04-28 07:30:00
1619595900000,54440.22,54445.33,54188.59,54255.98,322.169404,2021-04-28 07:45:00
1619596800000,54255.98,54436.96,54118.22,54430.51,603.364411,2021-04-28 08:00:00
1619597700000,54430.5,54505.6,54333.16,54482.52,380.447755,2021-04-28 08:15:00
1619598600000,54482.52,54535.51,54269.0,54304.07,348.676358,2021-04-28 08:30:00
1619599500000,54303.06,54416.72,54055.83,54063.23,471.114554,2021-04-28 08:45:00
1619600400000,54063.23,54318.68,54056.05,54234.97,575.188541,2021-04-28 09:00:00
1619601300000,54234.96,54249.15,53917.64,53923.81,699.262132,2021-04-28 09:15:00
1619602200000,53923.8,54277.45,53923.8,54258.02,625.359361,2021-04-28 09:30:00
1619603100000,54258.01,54420.86,54215.3,54215.31,363.994043,2021-04-28 09:45:00
1619604000000,54215.3,54448.96,54102.35,54434.1,339.348025,2021-04-28 10:00:00
1619604900000,54434.09,54447.08,54311.74,54352.16,387.396838,2021-04-28 10:15:00
1619605800000,54352.15,54360.45,54233.64,54306.99,291.648943,2021-04-28 10:30:00
1619606700000,54306.98,54476.26,54220.0,54413.56,318.828627,2021-04-28 10:45:00
1619607600000,54413.57,54800.0,54411.81,54722.83,670.221163,2021-04-28 11:00:00
1619608500000,54722.83,55056.51,54700.0,54917.1,1400.74163,2021-04-28 11:15:00
1619609400000,54917.1,55087.85,54816.67,54997.6,577.214794,2021-04-28 11:30:00
1619610300000,54997.59,55060.0,54791.89,54853.26,418.589071,2021-04-28 11:45:00
1619611200000,54853.26,55327.0,54762.42,55268.0,758.343562,2021-04-28 12:00:00
1619612100000,55265.19,55320.0,55143.61,55166.4,694.824056,2021-04-28 12:15:00
1619613000000,55166.4,55294.1,55047.31,55190.3,587.012606,2021-04-28 12:30:00
1619613900000,55190.31,55207.17,55120.14,55175.25,411.222005,2021-04-28 12:45:00
1619614800000,55175.25,55195.35,54800.88,54857.78,543.19142,2021-04-28 13:00:00
1619615700000,54857.79,54940.85,54625.0,54816.78,601.330969,2021-04-28 13:15:00
1619616600000,54816.78,54929.75,54659.86,54764.78,478.00846,2021-04-28 13:30:00
1619617500000,54764.78,54840.3,54640.95,54780.0,389.923937,2021-04-28 13:45:00
1619618400000,54780.01,54917.29,54653.92,54809.26,447.712938,2021-04-28 14:00:00
1619619300000,54809.27,54814.64,54522.0,54664.02,499.770148,2021-04-28 14:15:00
1619620200000,54664.01,54715.24,54460.41,54499.53,451.634145,2021-04-28 14:30:00
1619621100000,54499.53,54688.15,54480.0,54489.22,455.122771,2021-04-28 14:45:00
1619622000000,54489.21,54611.27,54177.0,54260.0,626.750182,2021-04-28 15:00:00
1619622900000,54260.0,54413.79,54111.11,54332.44,572.356335,2021-04-28 15:15:00
1619623800000,54332.45,54449.45,54332.44,54413.01,471.726472,2021-04-28 15:30:00
1619624700000,54413.01,54413.01,54229.68,54338.14,398.198837,2021-04-28 15:45:00
1619625600000,54338.14,54587.99,54245.33,54374.83,450.453902,2021-04-28 16:00:00
1619626500000,54374.84,54544.7,54317.16,54396.96,350.53319,2021-04-28 16:15:00
1619627400000,54396.97,54771.54,54300.0,54695.46,553.103526,2021-04-28 16:30:00
1619628300000,54695.45,54775.0,54627.74,54704.76,365.242221,2021-04-28 16:45:00
1619629200000,54704.75,54743.73,54523.0,54524.01,395.859208,2021-04-28 17:00:00
1619630100000,54524.01,54779.8,54524.0,54779.79,280.088346,2021-04-28 17:15:00
1619631000000,54779.79,54975.45,54767.02,54963.13,360.980319,2021-04-28 17:30:00
1619631900000,54963.13,54963.13,54759.12,54838.72,354.889154,2021-04-28 17:45:00
1619632800000,54838.73,54984.0,54782.45,54915.55,397.812394,2021-04-28 18:00:00
1619633700000,54915.54,55070.0,54862.97,54884.91,403.00257,2021-04-28 18:15:00
1619634600000,54884.91,55042.78,54812.81,54843.71,541.443964,2021-04-28 18:30:00
1619635500000,54843.7,54940.86,54643.45,54933.76,325.111322,2021-04-28 18:45:00
1619636400000,54933.75,54968.99,54724.91,54824.81,312.409791,2021-04-28 19:00:00
1619637300000,54824.81,54999.26,54805.72,54996.0,362.700296,2021-04-28 19:15:00
1619638200000,54996.0,55012.0,54825.66,54941.08,435.206512,2021-04-28 19:30:00
1619639100000,54941.08,55432.0,54804.76,55411.97,650.979711,2021-04-28 19:45:00
1619640000000,55407.03,56428.0,55298.52,55470.86,3107.448889,2021-04-28 20:00:00
1619640900000,55470.86,55568.27,54301.41,54771.44,2577.72906,2021-04-28 20:15:00
1619641800000,54771.45,54924.8,54395.91,54589.13,858.380323,2021-04-28 20:30:00
1619642700000,54589.13,54589.14,54159.0,54369.08,672.30376,2021-04-28 20:45:00
1619643600000,54369.08,54389.26,54002.0,54360.1,730.309979,2021-04-28 21:00:00
1619644500000,54360.09,54570.18,54350.0,54544.51,404.696218,2021-04-28 21:15:00
1619645400000,54544.51,54745.18,54544.5,54689.74,323.714821,2021-04-28 21:30:00
1619646300000,54691.41,54884.0,54613.66,54801.34,351.261385,2021-04-28 21:45:00
1619647200000,54801.33,54838.43,54693.09,54710.73,257.625369,2021-04-28 22:00:00
1619648100000,54710.72,54715.9,54479.83,54544.19,341.686147,2021-04-28 22:15:00
1619649000000,54544.2,54599.63,54408.84,54423.2,296.971291,2021-04-28 22:30:00
1619649900000,54411.82,54573.25,54311.0,54466.72,413.684344,2021-04-28 22:45:00
1619650800000,54469.96,54765.82,54363.86,54688.8,299.018465,2021-04-28 23:00:00
1619651700000,54688.8,54739.13,54638.0,54655.4,302.8935,2021-04-28 23:15:00
1619652600000,54655.41,54776.51,54655.4,54738.4,281.681165,2021-04-28 23:30:00
1619653500000,54738.4,54886.63,54705.35,54846.22,328.337389,2021-04-28 23:45:00
1619654400000,54846.23,55195.84,54710.38,54948.91,766.348657,2021-04-29 00:00:00
1619655300000,54948.91,55100.0,54843.34,54919.64,443.523427,2021-04-29 00:15:00
1619656200000,54919.58,55000.0,54826.46,54844.22,306.533306,2021-04-29 00:30:00
1619657100000,54844.23,54916.94,54673.96,54720.07,357.03346,2021-04-29 00:45:00
1619658000000,54720.07,54775.98,54434.05,54640.57,519.602939,2021-04-29 01:00:00
1619658900000,54635.44,54719.63,54467.26,54477.59,370.900688,2021-04-29 01:15:00
1619659800000,54477.59,54628.92,54415.37,54553.02,381.886335,2021-04-29 01:30:00
1619660700000,54554.12,54622.87,54535.02,54567.68,397.39427,2021-04-29 01:45:00
1619661600000,54567.68,54752.12,54484.47,54518.76,565.391215,2021-04-29 02:00:00
1619662500000,54518.77,54519.17,54306.01,54442.01,448.767344,2021-04-29 02:15:00
1619663400000,54442.01,54518.09,54337.57,54471.48,358.562771,2021-04-29 02:30:00
1619664300000,54471.49,54629.74,54362.78,54575.94,357.25053,2021-04-29 02:45:00
1619665200000,54575.93,54632.58,54500.0,54572.59,308.712286,2021-04-29 03:00:00
1619666100000,54572.59,54592.38,54406.29,54480.86,361.363393,2021-04-29 03:15:00
1619667000000,54480.86,54483.68,54130.0,54222.39,651.91247,2021-04-29 03:30:00
1619667900000,54222.39,54317.87,54046.33,54265.1,532.70885,2021-04-29 03:45:00
1619668800000,54265.1,54265.1,54060.01,54129.35,461.488222,2021-04-29 04:00:00
1619669700000,54129.35,54208.75,54033.0,54160.24,439.183795,2021-04-29 04:15:00
1619670600000,54160.24,54198.51,53610.01,53702.59,1292.218795,2021-04-29 04:30:00
1619671500000,53702.58,53793.03,53510.0,53564.94,871.793212,2021-04-29 04:45:00
1619672400000,53564.94,53875.0,53482.22,53802.23,700.438978,2021-04-29 05:00:00
1619673300000,53802.23,53905.86,53744.07,53843.26,385.378732,2021-04-29 05:15:00
1619674200000,53843.27,53902.51,53656.16,53690.07,579.947847,2021-04-29 05:30:00
1619675100000,53690.07,53976.19,53647.49,53896.92,468.452296,2021-04-29 05:45:00
1619676000000,53896.92,54325.32,53856.49,54241.15,683.022835,2021-04-29 06:00:00
1619676900000,54241.15,54460.8,54218.02,54353.0,537.807243,2021-04-29 06:15:00
1619677800000,54353.0,54493.87,54255.67,54328.53,461.180857,2021-04-29 06:30:00
1619678700000,54328.53,54394.55,54220.34,54372.84,373.546123,2021-04-29 06:45:00
1619679600000,54372.84,54469.94,54286.81,54390.39,366.610667,2021-04-29 07:00:00
1619680500000,54390.4,54450.01,54300.59,54427.09,372.227358,2021-04-29 07:15:00
1619681400000,54427.09,54486.45,54255.0,54306.43,354.826365,2021-04-29 07:30:00
1619682300000,54306.44,54465.15,54306.43,54465.14,384.686829,2021-04-29 07:45:00
1619683200000,54465.27,54467.99,54124.83,54152.36,626.13035,2021-04-29 08:00:00
1619684100000,54152.36,54180.76,53851.01,53939.79,673.462495,2021-04-29 08:15:00
1619685000000,53939.79,54037.44,53850.0,53990.84,564.65709,2021-04-29 08:30:00
1619685900000,53988.0,53995.86,53870.77,53929.29,455.386385,2021-04-29 08:45:00
1619686800000,53929.28,54230.75,53759.98,54176.09,614.602412,2021-04-29 09:00:00
1619687700000,54176.08,54649.64,54152.28,54576.27,1016.59332,2021-04-29 09:15:00
1619688600000,54576.28,54739.43,54500.0,54666.22,712.107126,2021-04-29 09:30:00
1619689500000,54665.36,54706.71,54537.7,54541.01,455.030924,2021-04-29 09:45:00
1619690400000,54540.01,54689.48,54536.76,54643.62,399.973687,2021-04-29 10:00:00
1619691300000,54643.61,54643.62,54373.47,54379.56,565.309253,2021-04-29 10:15:00
1619692200000,54379.56,54530.0,54338.33,54446.39,453.446723,2021-04-29 10:30:00
1619693100000,54444.25,54473.4,54387.44,54428.04,317.409397,2021-04-29 10:45:00
1619694000000,54428.04,54429.71,54250.4,54305.32,440.12817,2021-04-29 11:00:00
1619694900000,54305.31,54309.99,54105.22,54241.51,455.491812,2021-04-29 11:15:00
1619695800000,54241.51,54398.57,54121.0,54308.93,464.341666,2021-04-29 11:30:00
1619696700000,54308.93,54546.33,54274.23,54300.16,495.234332,2021-04-29 11:45:00
1619697600000,54300.16,54383.93,54159.47,54380.0,453.629054,2021-04-29 12:00:00
1619698500000,54379.99,54531.89,54308.11,54399.99,579.308671,2021-04-29 12:15:00
1619699400000,54399.99,54500.0,54350.0,54478.84,474.417961,2021-04-29 12:30:00
1619700300000,54478.84,54498.34,54286.61,54330.01,495.425459,2021-04-29 12:45:00
1619701200000,54330.01,54404.59,54033.0,54133.48,612.983327,2021-04-29 13:00:00
1619702100000,54133.48,54139.44,53847.76,53962.04,737.612569,2021-04-29 13:15:00
1619703000000,53962.04,54022.0,53600.0,53836.39,1008.945033,2021-04-29 13:30:00
1619703900000,53836.39,53840.0,53560.0,53606.03,765.668515,2021-04-29 13:45:00
1619704800000,53606.03,53818.15,53508.0,53650.94,701.737345,2021-04-29 14:00:00
1619705700000,53650.93,53913.78,53626.59,53755.19,509.045943,2021-04-29 14:15:00
1619706600000,53755.19,53852.97,53540.06,53723.01,727.503781,2021-04-29 14:30:00
1619707500000,53723.01,53773.47,53551.04,53682.26,567.543654,2021-04-29 14:45:00
1619708400000,53682.26,53724.48,53505.92,53628.36,679.547199,2021-04-29 15:00:00
1619709300000,53628.36,53912.83,53303.68,53745.43,987.04084,2021-04-29 15:15:00
1619710200000,53745.44,53900.0,53630.58,53830.35,571.590968,2021-04-29 15:30:00
1619711100000,53830.35,53908.0,53653.72,53703.11,466.509929,2021-04-29 15:45:00
1619712000000,53703.11,53816.19,53521.28,53764.34,657.998439,2021-04-29 16:00:00
1619712900000,53764.34,53784.64,53419.47,53494.38,535.748069,2021-04-29 16:15:00
1619713800000,53494.37,53616.34,53364.38,53400.05,438.966113,2021-04-29 16:30:00
1619714700000,53400.06,53400.06,52950.0,52972.0,1718.95381,2021-04-29 16:45:00
1619715600000,52972.0,53059.18,52700.0,52840.15,1581.146749,2021-04-29 17:00:00
1619716500000,52839.51,53183.72,52820.0,53081.51,941.343664,2021-04-29 17:15:00
1619717400000,53082.59,53175.83,52782.79,52825.48,621.119632,2021-04-29 17:30:00
1619718300000,52825.48,52997.01,52733.41,52742.95,582.010017,2021-04-29 17:45:00
1619719200000,52742.98,52752.35,52476.69,52639.96,1095.909653,2021-04-29 18:00:00
1619720100000,52639.96,52900.0,52507.41,52785.36,674.534161,2021-04-29 18:15:00
1619721000000,52785.35,52929.74,52583.58,52658.14,459.397388,2021-04-29 18:30:00
1619721900000,52658.13,53039.27,52658.13,52928.54,460.914544,2021-04-29 18:45:00
1619722800000,52935.72,53008.46,52842.94,52951.4,418.877976,2021-04-29 19:00:00
1619723700000,52951.41,53027.96,52800.0,53019.73,306.838993,2021-04-29 19:15:00
1619724600000,53019.73,53036.79,52851.83,52967.66,425.039696,2021-04-29 19:30:00
1619725500000,52967.66,53000.0,52850.0,52860.02,301.273898,2021-04-29 19:45:00
1619726400000,52860.02,52869.46,52330.94,52506.01,971.229995,2021-04-29 20:00:00
1619727300000,52506.01,53158.18,52456.23,53042.09,912.308296,2021-04-29 20:15:00
1619728200000,53042.09,53337.07,52785.07,52802.96,611.550433,2021-04-29 20:30:00
1619729100000,52802.96,53070.68,52798.15,52981.71,348.519029,2021-04-29 20:45:00
1619730000000,52977.71,53025.0,52862.25,52953.13,238.951384,2021-04-29 21:00:00
1619730900000,52953.13,52959.99,52808.05,52862.15,246.343824,2021-04-29 21:15:00
1619731800000,52860.75,53102.66,52855.07,53013.31,267.556204,2021-04-29 21:30:00
1619732700000,53013.31,53363.99,52978.98,53329.2,367.288864,2021-04-29 21:45:00
1619733600000,53329.2,53365.0,53213.06,53256.93,295.389593,2021-04-29 22:00:00
1619734500000,53256.93,53320.14,53101.61,53122.68,273.261142,2021-04-29 22:15:00
1619735400000,53122.69,53329.44,53122.69,53236.63,203.592771,2021-04-29 22:30:00
1619736300000,53236.63,53437.49,53195.01,53387.35,306.069784,2021-04-29 22:45:00
1619737200000,53387.35,53473.68,53300.0,53357.46,293.587772,2021-04-29 23:00:00
1619738100000,53357.45,53650.63,53345.19,53546.01,451.396184,2021-04-29 23:15:00
1619739000000,53546.02,53599.77,53438.12,53554.34,303.701621,2021-04-29 23:30:00
1619739900000,53554.33,53639.23,53512.34,53555.0,266.682272,2021-04-29 23:45:00
1619740800000,53555.0,53624.09,53250.0,53364.45,515.595325,2021-04-30 00:00:00
1619741700000,53364.47,53628.1,53013.01,53622.44,742.0086,2021-04-30 00:15:00
1619742600000,53628.1,53816.36,53437.39,53484.7,912.099545,2021-04-30 00:30:00
1619743500000,53484.7,53574.44,53300.0,53386.46,453.41689,2021-04-30 00:45:00
1619744400000,53386.47,53487.85,53264.65,53295.8,332.968754,2021-04-30 01:00:00
1619745300000,53295.8,53371.99,53183.27,53296.69,555.747848,2021-04-30 01:15:00
1619746200000,53296.69,53636.36,53243.86,53479.95,605.127728,2021-04-30 01:30:00
1619747100000,53479.95,53525.93,53315.43,53395.09,431.155617,2021-04-30 01:45:00
1619748000000,53395.09,53575.0,53384.56,53563.71,376.601057,2021-04-30 02:00:00
1619748900000,53563.71,53617.07,53464.93,53491.59,446.164029,2021-04-30 02:15:00
1619749800000,53491.59,53582.97,53331.48,53446.87,349.533503,2021-04-30 02:30:00
1619750700000,53446.87,53571.22,53371.92,53520.42,358.229742,2021-04-30 02:45:00
1619751600000,53520.42,53609.94,53421.4,53556.65,466.882898,2021-04-30 03:00:00
1619752500000,53556.64,53773.08,53555.0,53627.98,505.41907,2021-04-30 03:15:00
1619753400000,53627.99,53746.87,53562.17,53683.14,586.462794,2021-04-30 03:30:00
1619754300000,53683.14,53730.39,53612.61,53679.03,498.452418,2021-04-30 03:45:00
1619755200000,53679.04,54090.61,53673.05,54089.94,1038.155906,2021-04-30 04:00:00
1619756100000,54089.94,54185.78,53953.66,54180.55,745.674844,2021-04-30 04:15:00
1619757000000,54180.55,54200.0,54023.18,54060.19,678.583363,2021-04-30 04:30:00
1619757900000,54060.19,54130.31,54015.43,54124.35,449.171626,2021-04-30 04:45:00
1619758800000,54124.35,54244.0,54048.51,54085.0,522.375106,2021-04-30 05:00:00
1619759700000,54084.99,54178.59,54000.0,54013.64,630.439167,2021-04-30 05:15:00
1619760600000,54013.63,54070.65,53914.73,54046.99,602.310601,2021-04-30 05:30:00
1619761500000,54046.99,54300.0,54032.75,54266.56,774.179453,2021-04-30 05:45:00
1619762400000,54266.56,54380.71,54163.55,54188.54,489.809381,2021-04-30 06:00:00
1619763300000,54188.54,54354.96,54161.58,54242.53,360.682583,2021-04-30 06:15:00
1619764200000,54242.52,54450.0,54242.24,54335.91,698.591606,2021-04-30 06:30:00
1619765100000,54335.91,54446.86,54288.13,54415.0,432.90298,2021-04-30 06:45:00
1619766000000,54415.0,54558.8,54342.29,54420.01,800.169752,2021-04-30 07:00:00
1619766900000,54420.0,54432.75,54255.2,54329.17,458.348141,2021-04-30 07:15:00
1619767800000,54329.25,54427.35,54327.78,54334.85,402.574851,2021-04-30 07:30:00
1619768700000,54334.86,54380.0,54250.92,54343.11,581.993382,2021-04-30 07:45:00
1619769600000,54343.11,54470.0,54108.8,54182.71,620.922572,2021-04-30 08:00:00
1619770500000,54182.71,54366.59,54164.94,54344.77,333.063668,2021-04-30 08:15:00
1619771400000,54344.77,54429.57,54300.0,54371.75,297.525747,2021-04-30 08:30:00
1619772300000,54371.75,54672.31,54355.71,54526.61,579.219018,2021-04-30 08:45:00
1619773200000,54526.6,54792.33,54526.6,54774.89,718.222395,2021-04-30 09:00:00
1619774100000,54770.0,54774.91,54572.59,54572.61,457.40629,2021-04-30 09:15:00
1619775000000,54572.61,54626.86,54305.0,54410.02,821.056948,2021-04-30 09:30:00
1619775900000,54410.02,54514.28,54318.08,54318.08,473.9153,2021-04-30 09:45:00
1619776800000,54317.82,54476.04,54317.79,54460.61,442.72615,2021-04-30 10:00:00
1619777700000,54460.6,54498.98,54335.0,54354.69,336.15807,2021-04-30 10:15:00
1619778600000,54354.67,54449.99,54273.0,54368.13,463.11052,2021-04-30 10:30:00
1619779500000,54368.12,54434.6,54100.0,54164.67,591.553359,2021-04-30 10:45:00
1619780400000,54164.67,54339.08,54051.11,54306.44,476.080759,2021-04-30 11:00:00
1619781300000,54306.43,54377.97,54219.0,54299.99,342.719836,2021-04-30 11:15:00
1619782200000,54300.0,54334.83,54101.79,54159.98,374.709703,2021-04-30 11:30:00
1619783100000,54159.99,54295.91,54122.26,54230.63,534.671238,2021-04-30 11:45:00
1619784000000,54230.64,54430.0,54170.89,54378.88,514.010323,2021-04-30 12:00:00
1619784900000,54378.88,54515.0,54378.87,54471.99,523.19021,2021-04-30 12:15:00
1619785800000,54471.99,54738.96,54378.6,54528.21,679.137235,2021-04-30 12:30:00
1619786700000,54528.2,54700.0,54525.34,54655.81,578.235199,2021-04-30 12:45:00
1619787600000,54655.81,54743.91,54587.08,54587.09,742.424681,2021-04-30 13:00:00
1619788500000,54587.09,54880.04,54409.7,54817.68,770.250513,2021-04-30 13:15:00
1619789400000,54817.68,55400.0,54817.68,55340.47,1980.212417,2021-04-30 13:30:00
1619790300000,55340.46,55990.0,55291.65,55989.31,2786.659719,2021-04-30 13:45:00
1619791200000,55989.31,56200.0,55736.24,55908.59,2406.318149,2021-04-30 14:00:00
1619792100000,55908.59,56164.3,55895.01,56054.15,1155.603153,2021-04-30 14:15:00
1619793000000,56054.16,56308.16,56031.0,56156.42,1366.230302,2021-04-30 14:30:00
1619793900000,56156.42,56186.34,55926.02,55952.19,1118.500405,2021-04-30 14:45:00
1619794800000,55952.19,56300.0,55952.19,56243.25,1313.465214,2021-04-30 15:00:00
1619795700000,56243.26,56888.0,56162.98,56778.71,1917.703974,2021-04-30 15:15:00
1619796600000,56774.05,57050.0,56725.0,56932.89,2198.229366,2021-04-30 15:30:00
1619797500000,56932.89,57258.15,56764.77,57180.06,1765.351406,2021-04-30 15:45:00
1619798400000,57180.05,57385.0,56855.82,56930.17,2295.447539,2021-04-30 16:00:00
1619799300000,56932.57,57052.08,56873.47,56881.51,832.822902,2021-04-30 16:15:00
1619800200000,56881.5,57144.96,56879.47,57016.49,816.467278,2021-04-30 16:30:00
1619801100000,57016.49,57051.73,56394.22,56707.28,1325.132154,2021-04-30 16:45:00
1619802000000,56707.27,56810.0,56668.78,56680.01,610.593946,2021-04-30 17:00:00
1619802900000,56680.01,56715.47,56277.39,56350.0,1158.376329,2021-04-30 17:15:00
1619803800000,56350.0,56708.87,56349.99,56605.76,639.98188,2021-04-30 17:30:00
1619804700000,56605.76,56722.33,56507.47,56546.79,457.994101,2021-04-30 17:45:00
1619805600000,56546.79,56699.99,56521.46,56620.74,407.567271,2021-04-30 18:00:00
1619806500000,56620.75,56687.32,56557.25,56652.47,514.222428,2021-04-30 18:15:00
1619807400000,56652.46,57055.74,56609.6,56975.07,733.754994,2021-04-30 18:30:00
1619808300000,56975.07,56979.75,56740.0,56857.47,479.920857,2021-04-30 18:45:00
1619809200000,56857.48,56950.0,56800.0,56916.49,458.065647,2021-04-30 19:00:00
1619810100000,56916.5,57048.0,56910.16,56923.02,451.980456,2021-04-30 19:15:00
1619811000000,56923.02,56999.0,56780.47,56833.47,358.621623,2021-04-30 19:30:00
1619811900000,56833.48,57019.91,56821.45,57007.38,315.737333,2021-04-30 19:45:00
1619812800000,57007.38,57032.15,56374.21,56863.96,781.564439,2021-04-30 20:00:00
1619813700000,56864.98,57000.0,56667.05,56798.69,630.472245,2021-04-30 20:15:00
1619814600000,56798.68,56974.61,56792.56,56834.68,331.471914,2021-04-30 20:30:00
1619815500000,56836.88,56844.18,56660.99,56757.34,272.054837,2021-04-30 20:45:00
1619816400000,56757.34,56889.55,56750.13,56809.3,230.159323,2021-04-30 21:00:00
1619817300000,56809.29,56820.76,56646.97,56700.0,263.458176,2021-04-30 21:15:00
1619818200000,56700.0,56950.0,56700.0,56945.05,289.914345,2021-04-30 21:30:00
1619819100000,56944.41,57184.27,56862.88,56976.53,518.989227,2021-04-30 21:45:00
1619820000000,56976.53,57050.0,56887.26,56927.04,316.511928,2021-04-30 22:00:00
1619820900000,56927.04,57280.89,56891.3,57243.93,444.615716,2021-04-30 22:15:00
1619821800000,57243.93,57427.09,57163.06,57327.99,728.544973,2021-04-30 22:30:00
1619822700000,57327.98,57336.26,57000.0,57119.75,713.589173,2021-04-30 22:45:00
1619823600000,57119.76,57437.5,57090.8,57376.87,426.293554,2021-04-30 23:00:00
1619824500000,57376.86,57469.15,57257.0,57463.24,458.153172,2021-04-30 23:15:00
1619825400000,57463.25,57868.07,57390.08,57822.83,1806.21897,2021-04-30 23:30:00
1619826300000,57822.83,57963.0,57637.51,57694.27,1029.798916,2021-04-30 23:45:00
1619827200000,57697.25,58088.0,57421.05,57968.16,1467.126875,2021-05-01 00:00:00
1619828100000,57968.15,58087.92,57781.42,58043.34,750.386551,2021-05-01 00:15:00
1619829000000,58043.33,58065.0,57781.87,57809.4,718.890934,2021-05-01 00:30:00
1619829900000,57810.42,57907.31,57647.0,57811.42,544.045156,2021-05-01 00:45:00
1619830800000,57809.99,57810.0,57470.77,57623.91,742.856333,2021-05-01 01:00:00
1619831700000,57623.91,57926.75,57623.91,57816.33,543.35939,2021-05-01 01:15:00
1619832600000,57816.34,58245.53,57727.36,58201.63,674.248182,2021-05-01 01:30:00
1619833500000,58201.64,58456.52,58103.04,58450.0,1027.916729,2021-05-01 01:45:00
1619834400000,58450.0,58458.07,58132.03,58209.06,737.801451,2021-05-01 02:00:00
1619835300000,58209.06,58327.57,58200.0,58319.99,440.678083,2021-05-01 02:15:00
1619836200000,58319.99,58349.82,58166.53,58189.4,397.045283,2021-05-01 02:30:00
1619837100000,58189.4,58189.4,57931.89,58100.0,656.974335,2021-05-01 02:45:00
1619838000000,58100.01,58149.31,58031.86,58069.6,306.109612,2021-05-01 03:00:00
1619838900000,58069.6,58248.54,58069.6,58226.61,577.283493,2021-05-01 03:15:00
1619839800000,58226.6,58229.38,58070.16,58158.06,262.278589,2021-05-01 03:30:00
1619840700000,58158.07,58198.54,58113.02,58178.67,249.939404,2021-05-01 03:45:00
1619841600000,58177.59,58245.33,58030.01,58198.78,431.002857,2021-05-01 04:00:00
1619842500000,58198.78,58223.07,58000.0,58044.22,390.421296,2021-05-01 04:15:00
1619843400000,58044.21,58056.96,57687.04,57888.86,845.725455,2021-05-01 04:30:00
1619844300000,57883.97,58094.16,57796.32,58052.37,352.848833,2021-05-01 04:45:00
1619845200000,58052.37,58108.85,57896.85,58045.72,390.318504,2021-05-01 05:00:00
1619846100000,58045.72,58422.31,57974.0,58191.5,715.050941,2021-05-01 05:15:00
1619847000000,58191.5,58329.98,58186.99,58257.35,361.899566,2021-05-01 05:30:00
1619847900000,58257.35,58270.01,58030.59,58134.44,287.510376,2021-05-01 05:45:00
1619848800000,58134.44,58134.44,57950.35,58000.0,373.329556,2021-05-01 06:00:00
1619849700000,58000.0,58239.64,57990.16,58188.02,277.919613,2021-05-01 06:15:00
1619850600000,58188.02,58192.3,57973.8,57980.01,305.098153,2021-05-01 06:30:00
1619851500000,57980.04,58038.98,57837.0,57894.91,374.276881,2021-05-01 06:45:00
1619852400000,57894.9,58009.98,57690.2,57713.3,447.916309,2021-05-01 07:00:00
1619853300000,57713.3,57994.41,57713.3,57897.63,376.710394,2021-05-01 07:15:00
1619854200000,57897.63,58036.08,57800.9,57830.36,327.797368,2021-05-01 07:30:00
1619855100000,57830.35,57916.39,57585.55,57725.14,472.070146,2021-05-01 07:45:00
1619856000000,57725.14,57930.0,57574.37,57823.17,449.104951,2021-05-01 08:00:00
1619856900000,57823.18,57866.0,57492.23,57811.41,535.278977,2021-05-01 08:15:00
1619857800000,57811.41,57811.42,57484.29,57547.45,600.322888,2021-05-01 08:30:00
1619858700000,57547.45,57626.11,57450.63,57450.63,479.05598,2021-05-01 08:45:00
1619859600000,57450.63,57464.0,57116.16,57312.12,1056.777964,2021-05-01 09:00:00
1619860500000,57313.61,57592.91,57217.05,57528.28,571.383514,2021-05-01 09:15:00
1619861400000,57528.28,57851.35,57524.99,57736.59,524.630076,2021-05-01 09:30:00
1619862300000,57736.59,57736.6,57358.21,57492.99,457.856362,2021-05-01 09:45:00
1619863200000,57492.99,57513.27,57335.75,57400.0,350.844628,2021-05-01 10:00:00
1619864100000,57400.0,57520.95,57368.31,57508.88,354.269312,2021-05-01 10:15:00
1619865000000,57508.88,57666.66,57507.98,57544.04,301.310643,2021-05-01 10:30:00
1619865900000,57544.03,57545.45,57355.32,57384.0,263.695204,2021-05-01 10:45:00
1619866800000,57384.0,57650.0,57383.33,57617.14,326.282125,2021-05-01 11:00:00
1619867700000,57617.13,57787.49,57601.67,57652.33,327.305671,2021-05-01 11:15:00
1619868600000,57652.32,57819.99,57533.98,57674.81,310.56103,2021-05-01 11:30:00
1619869500000,57674.81,57834.37,57670.41,57816.9,281.367403,2021-05-01 11:45:00
1619870400000,57816.91,58043.01,57714.72,57985.18,501.032803,2021-05-01 12:00:00
1619871300000,57985.19,58000.0,57780.63,57822.84,457.611121,2021-05-01 12:15:00
1619872200000,57822.84,57873.37,57673.0,57863.21,394.000707,2021-05-01 12:30:00
1619873100000,57865.21,58000.08,57735.19,57764.15,451.761818,2021-05-01 12:45:00
1619874000000,57764.15,57953.38,57736.5,57849.39,302.685448,2021-05-01 13:00:00
1619874900000,57855.31,58005.09,57764.99,57864.57,406.324968,2021-05-01 13:15:00
1619875800000,57864.57,57869.01,57528.81,57619.09,610.852363,2021-05-01 13:30:00
1619876700000,57619.09,57700.0,57525.0,57611.0,368.980101,2021-05-01 13:45:00
1619877600000,57613.1,57681.0,57220.67,57370.07,672.51039,2021-05-01 14:00:00
1619878500000,57370.07,57566.61,57365.84,57500.03,336.590855,2021-05-01 14:15:00
1619879400000,57500.03,57660.0,57400.0,57408.83,371.229851,2021-05-01 14:30:00
1619880300000,57408.96,57500.0,57300.0,57430.78,398.425748,2021-05-01 14:45:00
1619881200000,57430.79,57477.47,57160.0,57239.97,526.560406,2021-05-01 15:00:00
1619882100000,57239.97,57403.24,56956.14,57124.44,706.098165,2021-05-01 15:15:00
1619883000000,57124.45,57382.74,57083.03,57365.21,430.597358,2021-05-01 15:30:00
1619883900000,57365.22,57500.0,57280.0,57356.58,441.357625,2021-05-01 15:45:00
1619884800000,57356.59,57493.97,57218.0,57450.0,502.30609,2021-05-01 16:00:00
1619885700000,57450.0,57712.69,57376.3,57416.82,491.840326,2021-05-01 16:15:00
1619886600000,57416.83,57438.97,57318.07,57406.91,386.929124,2021-05-01 16:30:00
1619887500000,57406.91,57547.36,57330.0,57495.59,420.104093,2021-05-01 16:45:00
1619888400000,57495.6,57767.0,57492.78,57650.01,691.781826,2021-05-01 17:00:00
1619889300000,57650.01,57733.72,57555.04,57733.71,263.168714,2021-05-01 17:15:00
1619890200000,57733.71,57734.24,57571.09,57639.64,314.626164,2021-05-01 17:30:00
1619891100000,57639.63,57702.03,57521.81,57569.99,351.296503,2021-05-01 17:45:00
1619892000000,57567.34,57628.82,57408.46,57459.34,350.185575,2021-05-01 18:00:00
1619892900000,57459.35,57539.99,57400.35,57508.27,265.39659,2021-05-01 18:15:00
1619893800000,57508.28,57599.98,57452.24,57569.89,313.195342,2021-05-01 18:30:00
1619894700000,57569.89,57650.0,57504.65,57610.52,250.571054,2021-05-01 18:45:00
1619895600000,57610.51,57615.31,57452.28,57515.02,277.923667,2021-05-01 19:00:00
1619896500000,57515.02,57998.97,57444.03,57975.0,596.295286,2021-05-01 19:15:00
1619897400000,57975.0,57975.85,57719.12,57892.24,486.142148,2021-05-01 19:30:00
1619898300000,57891.5,57933.2,57736.54,57770.31,396.994394,2021-05-01 19:45:00
1619899200000,57770.32,57833.0,57701.93,57752.14,299.21653,2021-05-01 20:00:00
1619900100000,57755.03,57800.0,57641.5,57771.79,226.910726,2021-05-01 20:15:00
1619901000000,57771.79,57877.39,57750.0,57792.73,337.435589,2021-05-01 20:30:00
1619901900000,57792.74,57810.0,57650.0,57679.99,323.930652,2021-05-01 20:45:00
1619902800000,57680.0,57688.0,57523.1,57675.0,336.189633,2021-05-01 21:00:00
1619903700000,57674.99,57684.21,57498.56,57597.17,279.853395,2021-05-01 21:15:00
1619904600000,57597.07,57690.0,57474.74,57513.02,263.613645,2021-05-01 21:30:00
1619905500000,57513.02,57513.11,57372.01,57451.58,368.095519,2021-05-01 21:45:00
1619906400000,57451.57,57498.99,57243.65,57451.46,356.015501,2021-05-01 22:00:00
1619907300000,57451.46,57620.0,57451.46,57530.02,301.621661,2021-05-01 22:15:00
1619908200000,57530.02,57680.0,57484.56,57625.56,304.006866,2021-05-01 22:30:00
1619909100000,57625.57,57716.27,57600.0,57657.75,241.896029,2021-05-01 22:45:00
1619910000000,57660.31,57675.38,57580.7,57634.32,237.502426,2021-05-01 23:00:00
1619910900000,57634.33,57857.98,57630.64,57848.69,351.226286,2021-05-01 23:15:00
1619911800000,57848.7,57939.0,57752.14,57879.75,378.26841,2021-05-01 23:30:00
1619912700000,57879.75,57879.75,57751.35,57800.37,242.308969,2021-05-01 23:45:00
1619913600000,57797.35,57911.02,57481.92,57634.06,541.190637,2021-05-02 00:00:00
1619914500000,57634.05,57636.95,57538.86,57540.0,309.66114,2021-05-02 00:15:00
1619915400000,57540.01,57579.13,57371.12,57415.92,399.98274,2021-05-02 00:30:00
1619916300000,57415.92,57514.78,57384.38,57442.25,345.029166,2021-05-02 00:45:00
1619917200000,57442.25,57442.25,57287.12,57376.39,562.821011,2021-05-02 01:00:00
1619918100000,57376.4,57488.04,57363.01,57378.63,313.02339,2021-05-02 01:15:00
1619919000000,57378.63,57449.01,57275.0,57382.35,292.407613,2021-05-02 01:30:00
1619919900000,57382.35,57463.76,57356.72,57415.6,218.660797,2021-05-02 01:45:00
1619920800000,57415.6,57583.06,57415.6,57545.62,246.898139,2021-05-02 02:00:00
1619921700000,57545.63,57695.64,57545.62,57633.01,214.236843,2021-05-02 02:15:00
1619922600000,57633.01,57677.11,57549.41,57641.68,130.595482,2021-05-02 02:30:00
1619923500000,57641.68,57700.0,57607.36,57650.0,227.560333,2021-05-02 02:45:00
1619924400000,57650.0,57694.99,57570.01,57621.65,153.657686,2021-05-02 03:00:00
1619925300000,57621.65,57621.65,57271.78,57318.23,456.689291,2021-05-02 03:15:00
1619926200000,57318.23,57318.23,56500.0,56845.0,1635.587773,2021-05-02 03:30:00
1619927100000,56845.0,56849.96,56323.66,56450.19,1161.984547,2021-05-02 03:45:00
1619928000000,56450.19,56675.52,56171.31,56622.03,1432.952973,2021-05-02 04:00:00
1619928900000,56622.03,56900.0,56558.46,56646.83,657.348157,2021-05-02 04:15:00
1619929800000,56646.84,56830.0,56615.01,56727.9,287.52401,2021-05-02 04:30:00
1619930700000,56727.9,56930.98,56631.94,56905.68,408.261862,2021-05-02 04:45:00
1619931600000,56905.68,56906.51,56760.06,56805.71,266.47346,2021-05-02 05:00:00
1619932500000,56805.7,57129.0,56612.29,56984.86,463.450871,2021-05-02 05:15:00
1619933400000,56984.86,56993.49,56841.04,56980.67,219.148121,2021-05-02 05:30:00
1619934300000,56980.68,57081.23,56876.0,56902.07,240.107399,2021-05-02 05:45:00
1619935200000,56902.07,57034.19,56886.48,56926.78,170.606604,2021-05-02 06:00:00
1619936100000,56926.78,57013.49,56815.53,56879.06,175.931071,2021-05-02 06:15:00
1619937000000,56876.64,56940.0,56686.0,56692.62,236.049131,2021-05-02 06:30:00
1619937900000,56692.62,56931.24,56692.62,56879.99,202.884888,2021-05-02 06:45:00
1619938800000,56881.33,56988.0,56788.48,56834.86,272.677252,2021-05-02 07:00:00
1619939700000,56834.86,56834.87,56499.66,56554.14,451.098064,2021-05-02 07:15:00
1619940600000,56554.13,56664.59,56404.31,56548.4,428.989607,2021-05-02 07:30:00
1619941500000,56548.41,56724.76,56505.0,56633.02,224.069898,2021-05-02 07:45:00
1619942400000,56633.03,56766.63,56329.97,56400.01,473.662953,2021-05-02 08:00:00
1619943300000,56400.01,56516.68,56228.73,56282.16,447.331599,2021-05-02 08:15:00
1619944200000,56282.15,56500.0,56156.0,56308.35,481.584656,2021-05-02 08:30:00
1619945100000,56309.88,56579.98,56309.86,56525.23,297.533906,2021-05-02 08:45:00
1619946000000,56525.23,56650.0,56402.89,56493.64,288.116209,2021-05-02 09:00:00
1619946900000,56493.41,56556.14,56035.25,56185.66,1040.10096,2021-05-02 09:15:00
1619947800000,56185.66,56310.33,56077.81,56254.11,494.095576,2021-05-02 09:30:00
1619948700000,56254.12,56460.36,56083.2,56450.0,581.545666,2021-05-02 09:45:00
1619949600000,56450.0,57000.0,56385.16,56729.62,656.518823,2021-05-02 10:00:00
1619950500000,56729.61,56876.4,56645.01,56689.39,562.387081,2021-05-02 10:15:00
1619951400000,56691.27,56820.7,56600.35,56750.46,344.155781,2021-05-02 10:30:00
1619952300000,56750.46,56908.64,56690.62,56831.67,340.057831,2021-05-02 10:45:00
1619953200000,56831.67,56840.04,56686.05,56711.39,282.615253,2021-05-02 11:00:00
1619954100000,56711.4,56775.21,56660.0,56723.63,249.955287,2021-05-02 11:15:00
1619955000000,56723.63,56772.45,56543.25,56681.47,262.499828,2021-05-02 11:30:00
1619955900000,56681.47,57090.0,56640.93,57090.0,378.198584,2021-05-02 11:45:00
1619956800000,57090.0,57286.96,56803.51,56849.59,657.940314,2021-05-02 12:00:00
1619957700000,56846.62,56877.21,56700.01,56844.19,366.080846,2021-05-02 12:15:00
1619958600000,56844.18,56975.3,56802.49,56829.0,341.969728,2021-05-02 12:30:00
1619959500000,56829.0,56913.39,56778.08,56839.66,278.724052,2021-05-02 12:45:00
1619960400000,56839.66,56903.74,56707.57,56744.0,295.25451,2021-05-02 13:00:00
1619961300000,56744.0,56812.16,56675.0,56777.93,266.482699,2021-05-02 13:15:00
1619962200000,56777.94,56848.97,56593.17,56688.08,279.778912,2021-05-02 13:30:00
1619963100000,56688.08,56688.08,56451.01,56679.85,353.144447,2021-05-02 13:45:00
1619964000000,56680.84,56968.56,56660.0,56849.99,364.157929,2021-05-02 14:00:00
1619964900000,56849.99,56888.0,56780.55,56798.77,213.485138,2021-05-02 14:15:00
1619965800000,56798.77,56892.3,56723.01,56798.14,234.921645,2021-05-02 14:30:00
1619966700000,56798.14,56999.0,56790.73,56823.52,337.941078,2021-05-02 14:45:00
1619967600000,56823.51,56846.92,56585.25,56724.73,498.336587,2021-05-02 15:00:00
1619968500000,56724.72,56844.0,56575.08,56605.03,642.888544,2021-05-02 15:15:00
1619969400000,56605.03,56663.57,56231.55,56633.29,594.812797,2021-05-02 15:30:00
1619970300000,56633.3,56710.88,56563.05,56595.2,248.958386,2021-05-02 15:45:00
1619971200000,56595.2,56777.0,56317.59,56692.05,473.152343,2021-05-02 16:00:00
1619972100000,56692.05,56750.0,56500.0,56520.99,265.903188,2021-05-02 16:15:00
1619973000000,56520.98,56748.29,56432.17,56664.13,382.791417,2021-05-02 16:30:00
1619973900000,56664.13,56689.99,56531.63,56557.8,287.279974,2021-05-02 16:45:00
1619974800000,56557.81,56599.99,56468.63,56596.72,336.25616,2021-05-02 17:00:00
1619975700000,56596.71,56718.22,56575.87,56630.58,234.389013,2021-05-02 17:15:00
1619976600000,56630.4,56843.78,56630.39,56820.01,356.342402,2021-05-02 17:30:00
1619977500000,56820.01,56820.01,56765.37,56779.99,196.466523,2021-05-02 17:45:00
1619978400000,56780.0,56826.5,56715.52,56734.04,290.742298,2021-05-02 18:00:00
1619979300000,56734.05,56899.99,56700.0,56820.0,275.113649,2021-05-02 18:15:00
1619980200000,56820.01,56835.15,56718.23,56761.88,282.266645,2021-05-02 18:30:00
1619981100000,56761.88,56880.0,56725.0,56840.45,315.733247,2021-05-02 18:45:00
1619982000000,56840.44,56862.05,56683.0,56709.4,236.929207,2021-05-02 19:00:00
1619982900000,56709.4,56714.37,56580.44,56714.36,300.163987,2021-05-02 19:15:00
1619983800000,56714.36,56770.0,56546.47,56723.6,375.796634,2021-05-02 19:30:00
1619984700000,56723.57,56968.56,56702.43,56836.4,407.605274,2021-05-02 19:45:00
1619985600000,56836.39,56979.99,56802.23,56835.01,278.243557,2021-05-02 20:00:00
1619986500000,56835.01,56862.22,56761.14,56850.05,266.693085,2021-05-02 20:15:00
1619987400000,56851.49,56894.69,56666.67,56733.07,327.80283,2021-05-02 20:30:00
1619988300000,56733.07,57000.0,56730.0,56994.0,281.281837,2021-05-02 20:45:00
1619989200000,56994.99,57141.05,56840.96,56889.85,507.632437,2021-05-02 21:00:00
1619990100000,56889.86,56991.31,56831.57,56985.74,442.328363,2021-05-02 21:15:00
1619991000000,56985.74,57120.0,56870.07,56888.86,327.748547,2021-05-02 21:30:00
1619991900000,56888.86,56906.03,56615.05,56649.99,351.229344,2021-05-02 21:45:00
1619992800000,56649.98,56745.7,56513.33,56538.98,474.510884,2021-05-02 22:00:00
1619993700000,56538.97,56561.01,56350.11,56456.09,534.261598,2021-05-02 22:15:00
1619994600000,56456.08,56459.24,56212.0,56276.39,422.019549,2021-05-02 22:30:00
1619995500000,56272.57,56427.47,56256.15,56382.1,265.900035,2021-05-02 22:45:00
1619996400000,56382.1,56557.62,56309.32,56491.57,262.287137,2021-05-02 23:00:00
1619997300000,56491.57,56504.19,56335.52,56499.05,175.790752,2021-05-02 23:15:00
1619998200000,56499.05,56570.36,56402.2,56530.94,192.887819,2021-05-02 23:30:00
1619999100000,56530.94,56600.5,56520.0,56578.21,182.531567,2021-05-02 23:45:00
1620000000000,56578.21,57044.98,56525.0,56977.04,680.983329,2021-05-03 00:00:00
1620000900000,56977.42,57420.27,56977.41,57184.11,747.209533,2021-05-03 00:15:00
1620001800000,57184.11,57600.0,57184.11,57443.72,652.482982,2021-05-03 00:30:00
1620002700000,57439.75,57600.0,57325.0,57407.86,566.053197,2021-05-03 00:45:00
1620003600000,57407.85,57721.59,57359.28,57555.0,519.223664,2021-05-03 01:00:00
1620004500000,57555.0,57719.99,57513.2,57641.54,377.37875,2021-05-03 01:15:00
1620005400000,57641.53,58289.99,57634.0,58127.77,1208.466616,2021-05-03 01:30:00
1620006300000,58127.78,58130.0,57981.35,58042.82,446.414063,2021-05-03 01:45:00
1620007200000,58042.83,58170.9,57850.23,57947.44,633.301863,2021-05-03 02:00:00
1620008100000,57947.43,58189.29,57905.48,58158.85,430.914528,2021-05-03 02:15:00
1620009000000,58158.85,58249.99,58086.12,58089.55,322.262469,2021-05-03 02:30:00
1620009900000,58091.57,58153.99,58011.58,58060.48,436.883302,2021-05-03 02:45:00
1620010800000,58060.48,58130.65,58012.35,58060.37,618.210067,2021-05-03 03:00:00
1620011700000,58060.36,58240.69,57938.6,57955.21,663.854826,2021-05-03 03:15:00
1620012600000,57955.21,58114.72,57934.28,57962.59,669.011319,2021-05-03 03:30:00
1620013500000,57962.59,58014.76,57768.67,57925.8,423.640521,2021-05-03 03:45:00
1620014400000,57925.79,58044.09,57900.36,58001.11,316.002395,2021-05-03 04:00:00
1620015300000,58001.11,58001.11,57857.38,57890.0,322.385473,2021-05-03 04:15:00
1620016200000,57890.0,57993.91,57708.63,57723.85,431.473376,2021-05-03 04:30:00
1620017100000,57723.85,57868.26,57696.7,57820.64,312.26682,2021-05-03 04:45:00
1620018000000,57820.64,58000.0,57794.17,57922.68,489.145888,2021-05-03 05:00:00
1620018900000,57922.69,58035.46,57873.01,57926.01,451.636755,2021-05-03 05:15:00
1620019800000,57928.15,58110.0,57878.01,58011.84,605.953337,2021-05-03 05:30:00
1620020700000,58011.85,58057.44,57903.49,57938.86,491.811394,2021-05-03 05:45:00
1620021600000,57938.86,58049.04,57905.85,58049.04,419.746508,2021-05-03 06:00:00
1620022500000,58049.04,58049.83,57898.31,57935.18,419.660325,2021-05-03 06:15:00
1620023400000,57935.19,58032.0,57860.02,58022.66,480.581412,2021-05-03 06:30:00
1620024300000,58022.66,58032.0,57883.41,57945.55,386.169204,2021-05-03 06:45:00
1620025200000,57945.55,57960.0,57814.34,57925.87,385.573371,2021-05-03 07:00:00
1620026100000,57925.87,58497.39,57918.52,58442.23,1050.634054,2021-05-03 07:15:00
1620027000000,58442.24,58800.0,58348.28,58664.85,1788.720861,2021-05-03 07:30:00
1620027900000,58664.84,58848.0,58664.84,58787.87,995.211082,2021-05-03 07:45:00
1620028800000,58787.88,58815.9,58623.27,58629.03,724.489801,2021-05-03 08:00:00
1620029700000,58629.03,58824.76,58617.0,58820.41,605.804854,2021-05-03 08:15:00
1620030600000,58820.4,58981.44,58654.06,58694.38,860.42925,2021-05-03 08:30:00
1620031500000,58694.37,58813.24,58660.0,58764.07,442.601263,2021-05-03 08:45:00
1620032400000,58764.08,58804.45,58277.12,58441.35,1100.583975,2021-05-03 09:00:00
1620033300000,58441.35,58539.12,58400.82,58494.65,713.144487,2021-05-03 09:15:00
1620034200000,58494.65,58655.05,58488.7,58589.38,521.151995,2021-05-03 09:30:00
1620035100000,58590.22,58606.61,58352.94,58409.73,447.980928,2021-05-03 09:45:00
1620036000000,58409.91,58571.0,58370.61,58546.78,431.56661,2021-05-03 10:00:00
1620036900000,58546.78,58620.87,58380.01,58532.36,616.537093,2021-05-03 10:15:00
1620037800000,58532.36,58542.88,58344.97,58347.06,394.700922,2021-05-03 10:30:00
1620038700000,58347.06,58509.24,58347.05,58467.42,433.212112,2021-05-03 10:45:00
1620039600000,58467.42,58621.77,58464.44,58580.88,469.591458,2021-05-03 11:00:00
1620040500000,58580.87,58914.8,58580.87,58824.02,584.064213,2021-05-03 11:15:00
1620041400000,58824.02,58965.19,58754.49,58781.52,603.417307,2021-05-03 11:30:00
1620042300000,58781.53,58845.98,58632.21,58657.63,418.878055,2021-05-03 11:45:00
1620043200000,58657.64,58770.0,58600.06,58676.9,394.513403,2021-05-03 12:00:00
1620044100000,58676.89,58681.91,58485.0,58502.95,516.010942,2021-05-03 12:15:00
1620045000000,58502.95,58577.23,58293.49,58571.8,632.887429,2021-05-03 12:30:00
1620045900000,58567.59,58591.99,58490.0,58558.27,324.641294,2021-05-03 12:45:00
1620046800000,58558.26,58637.99,58390.09,58622.95,398.689529,2021-05-03 13:00:00
1620047700000,58622.95,58629.93,58441.55,58535.41,446.884353,2021-05-03 13:15:00
1620048600000,58535.41,58645.09,57938.0,58234.86,899.677851,2021-05-03 13:30:00
1620049500000,58234.87,58236.18,57260.0,57697.33,1926.605874,2021-05-03 13:45:00
1620050400000,57696.52,57858.99,57600.0,57769.59,723.996952,2021-05-03 14:00:00
1620051300000,57769.58,58014.61,57767.29,58001.45,581.473235,2021-05-03 14:15:00
1620052200000,58001.45,58199.0,57720.0,58144.8,875.199123,2021-05-03 14:30:00
1620053100000,58146.69,58165.82,57777.33,57777.33,693.318037,2021-05-03 14:45:00
1620054000000,57777.33,57930.38,57704.34,57830.01,696.666229,2021-05-03 15:00:00
1620054900000,57830.01,58020.21,57725.97,57953.27,703.912389,2021-05-03 15:15:00
1620055800000,57953.27,58019.38,57545.0,57567.01,694.172994,2021-05-03 15:30:00
1620056700000,57567.01,57736.83,57379.57,57601.83,727.084058,2021-05-03 15:45:00
1620057600000,57603.33,57783.02,57169.0,57266.09,815.951584,2021-05-03 16:00:00
1620058500000,57266.09,57576.08,57215.8,57529.93,691.879954,2021-05-03 16:15:00
1620059400000,57529.93,57957.1,57438.53,57807.24,765.497099,2021-05-03 16:30:00
1620060300000,57807.24,57925.84,57652.15,57693.73,595.642632,2021-05-03 16:45:00
1620061200000,57693.98,57900.0,57579.26,57830.35,507.810414,2021-05-03 17:00:00
1620062100000,57830.35,57888.47,57707.08,57888.47,491.922915,2021-05-03 17:15:00
1620063000000,57888.46,58170.0,57800.83,58133.07,696.978527,2021-05-03 17:30:00
1620063900000,58133.08,58140.45,57858.58,57958.6,456.942612,2021-05-03 17:45:00
1620064800000,57958.6,58084.6,57846.85,57920.0,511.942397,2021-05-03 18:00:00
1620065700000,57920.01,57978.41,57745.9,57828.78,516.986689,2021-05-03 18:15:00
1620066600000,57828.78,57917.99,57791.3,57817.75,427.578353,2021-05-03 18:30:00
1620067500000,57817.75,57899.0,57750.0,57764.42,384.040326,2021-05-03 18:45:00
1620068400000,57764.42,57764.43,57465.03,57488.63,542.919127,2021-05-03 19:00:00
1620069300000,57488.63,57599.73,57400.0,57540.07,518.171118,2021-05-03 19:15:00
1620070200000,57540.07,57600.0,57469.53,57538.69,390.490856,2021-05-03 19:30:00
1620071100000,57538.68,57582.48,57326.01,57564.87,452.488792,2021-05-03 19:45:00
1620072000000,57564.86,57575.05,57240.76,57473.49,544.333556,2021-05-03 20:00:00
1620072900000,57478.99,57478.99,57222.23,57334.67,454.948619,2021-05-03 20:15:00
1620073800000,57334.67,57334.67,56602.73,56960.9,1534.678018,2021-05-03 20:30:00
1620074700000,56960.9,57219.57,56751.0,56783.94,664.907637,2021-05-03 20:45:00
1620075600000,56783.93,56946.35,56435.0,56579.99,654.585563,2021-05-03 21:00:00
1620076500000,56579.99,56900.0,56550.01,56899.99,606.521802,2021-05-03 21:15:00
1620077400000,56899.99,57021.44,56702.23,56947.04,337.412461,2021-05-03 21:30:00
1620078300000,56944.48,57163.26,56803.8,57110.25,559.498853,2021-05-03 21:45:00
1620079200000,57110.24,57240.09,56805.22,57016.39,545.353208,2021-05-03 22:00:00
1620080100000,57011.78,57105.26,56723.01,57103.1,528.759022,2021-05-03 22:15:00
1620081000000,57103.09,57224.95,56915.63,57165.35,439.308259,2021-05-03 22:30:00
1620081900000,57165.36,57421.61,57086.46,57292.88,735.614441,2021-05-03 22:45:00
1620082800000,57292.88,57300.0,57111.12,57178.02,538.054592,2021-05-03 23:00:00
1620083700000,57178.02,57178.02,56885.92,57139.05,546.034048,2021-05-03 23:15:00
1620084600000,57139.06,57457.12,57115.88,57278.1,503.705362,2021-05-03 23:30:00
1620085500000,57278.11,57284.88,57100.39,57169.39,341.821151,2021-05-03 23:45:00
1620086400000,57169.39,57200.0,56500.0,56540.0,1055.590043,2021-05-04 00:00:00
1620087300000,56540.01,56879.29,56467.43,56531.05,943.773143,2021-05-04 00:15:00
1620088200000,56531.05,56981.96,56335.08,56627.59,1127.580897,2021-05-04 00:30:00
1620089100000,56627.57,56757.65,54580.0,55291.71,3538.140563,2021-05-04 00:45:00
1620090000000,55294.47,55510.16,55100.0,55427.27,1629.457335,2021-05-04 01:00:00
1620090900000,55427.28,55739.12,55300.0,55508.87,1273.96683,2021-05-04 01:15:00
1620091800000,55508.87,55729.51,55331.72,55557.5,933.752778,2021-05-04 01:30:00
1620092700000,55557.49,55846.68,55529.5,55682.71,773.770776,2021-05-04 01:45:00
1620093600000,55682.71,55942.75,55612.9,55738.3,832.259768,2021-05-04 02:00:00
1620094500000,55738.3,55789.58,55447.73,55727.19,794.585167,2021-05-04 02:15:00
1620095400000,55718.12,56012.49,55690.67,55786.44,705.130844,2021-05-04 02:30:00
1620096300000,55786.43,55888.46,55599.79,55695.16,783.914998,2021-05-04 02:45:00
1620097200000,55695.15,55959.79,55467.62,55733.34,775.98057,2021-05-04 03:00:00
1620098100000,55733.34,55841.59,55597.13,55805.48,490.389995,2021-05-04 03:15:00
1620099000000,55805.47,55805.47,55511.52,55525.0,550.572204,2021-05-04 03:30:00
1620099900000,55525.0,55595.36,55231.27,55452.17,769.03232,2021-05-04 03:45:00
1620100800000,55452.16,55699.34,55122.0,55687.4,924.94984,2021-05-04 04:00:00
1620101700000,55687.39,55795.6,55600.75,55711.21,578.40936,2021-05-04 04:15:00
1620102600000,55711.22,55793.28,55601.12,55731.67,358.263219,2021-05-04 04:30:00
1620103500000,55731.67,55906.15,55703.23,55809.45,494.981113,2021-05-04 04:45:00
1620104400000,55809.45,56291.37,55766.01,56099.76,928.73753,2021-05-04 05:00:00
1620105300000,56099.75,56144.85,55940.74,55997.39,415.727014,2021-05-04 05:15:00
1620106200000,55997.39,56025.36,55842.58,55864.37,352.712792,2021-05-04 05:30:00
1620107100000,55864.36,56169.2,55864.36,55988.95,391.063339,2021-05-04 05:45:00
1620108000000,55988.95,56105.26,55901.21,55950.19,553.827976,2021-05-04 06:00:00
1620108900000,55942.6,56161.67,55851.25,56150.69,467.081127,2021-05-04 06:15:00
1620109800000,56150.69,56169.0,56000.0,56050.24,501.341684,2021-05-04 06:30:00
1620110700000,56050.24,56078.71,55903.65,56070.62,394.398865,2021-05-04 06:45:00
1620111600000,56070.62,56361.82,56064.64,56343.46,481.926653,2021-05-04 07:00:00
1620112500000,56343.47,56343.47,56128.0,56164.72,431.270205,2021-05-04 07:15:00
1620113400000,56164.72,56184.18,55916.25,55989.86,611.315015,2021-05-04 07:30:00
1620114300000,55989.82,56139.21,55853.66,55917.97,632.865522,2021-05-04 07:45:00
1620115200000,55917.98,56020.0,55555.0,55615.71,1065.251678,2021-05-04 08:00:00
1620116100000,55615.71,55825.54,55602.33,55735.98,556.658331,2021-05-04 08:15:00
1620117000000,55735.98,55950.0,55587.0,55616.72,768.285816,2021-05-04 08:30:00
1620117900000,55616.72,55830.47,55598.37,55739.99,449.780073,2021-05-04 08:45:00
1620118800000,55740.33,56185.93,55740.33,56179.83,746.898063,2021-05-04 09:00:00
1620119700000,56179.83,56399.68,56054.47,56274.49,795.196648,2021-05-04 09:15:00
1620120600000,56274.49,56279.99,56030.0,56140.9,546.680687,2021-05-04 09:30:00
1620121500000,56140.91,56309.57,56030.0,56077.57,490.79093,2021-05-04 09:45:00
1620122400000,56077.58,56499.0,56075.11,56481.69,593.9528,2021-05-04 10:00:00
1620123300000,56487.36,56637.89,56358.63,56391.99,650.003926,2021-05-04 10:15:00
1620124200000,56391.99,56507.0,56280.98,56289.97,633.308789,2021-05-04 10:30:00
1620125100000,56289.97,56495.52,56241.15,56406.72,669.320621,2021-05-04 10:45:00
1620126000000,56406.72,56431.65,56076.67,56159.97,589.290762,2021-05-04 11:00:00
1620126900000,56159.97,56159.98,55871.35,56140.36,609.470753,2021-05-04 11:15:00
1620127800000,56140.35,56278.77,55984.43,56032.04,712.388503,2021-05-04 11:30:00
1620128700000,56032.03,56210.0,55857.14,56143.42,746.155526,2021-05-04 11:45:00
1620129600000,56143.43,56179.23,55600.0,55717.57,1170.608733,2021-05-04 12:00:00
1620130500000,55717.96,56000.0,55460.16,55778.78,1388.399082,2021-05-04 12:15:00
1620131400000,55778.78,56209.54,55702.22,56166.19,1386.202086,2021-05-04 12:30:00
1620132300000,56166.18,56321.18,55954.91,56020.57,918.870224,2021-05-04 12:45:00
1620133200000,56020.56,56020.56,55740.79,55909.27,717.364522,2021-05-04 13:00:00
1620134100000,55909.27,56120.0,55825.0,55886.26,865.750308,2021-05-04 13:15:00
1620135000000,55886.25,55954.25,55514.28,55616.57,1239.71011,2021-05-04 13:30:00
1620135900000,55616.58,55626.14,55200.0,55461.35,1642.474915,2021-05-04 13:45:00
1620136800000,55461.35,55552.85,54902.66,55235.19,2223.961565,2021-05-04 14:00:00
1620137700000,55235.19,55530.94,54909.35,55323.98,1666.311134,2021-05-04 14:15:00
1620138600000,55323.98,55363.01,54410.0,54744.2,2735.683979,2021-05-04 14:30:00
1620139500000,54744.19,55098.99,54556.99,54825.01,1374.328401,2021-05-04 14:45:00
1620140400000,54827.66,54971.0,54125.0,54134.68,2274.847687,2021-05-04 15:00:00
1620141300000,54134.68,54250.0,53526.0,54242.65,3359.229502,2021-05-04 15:15:00
1620142200000,54242.64,54549.63,54144.37,54449.95,1473.684233,2021-05-04 15:30:00
1620143100000,54450.0,54485.36,53757.79,53799.33,1120.882913,2021-05-04 15:45:00
1620144000000,53802.54,54315.57,53500.0,54123.09,1895.525579,2021-05-04 16:00:00
1620144900000,54123.08,54178.45,53770.0,54020.21,1005.188792,2021-05-04 16:15:00
1620145800000,54020.21,54020.21,53522.79,53539.75,1469.620056,2021-05-04 16:30:00
1620146700000,53536.89,53859.07,53201.01,53849.23,1642.070908,2021-05-04 16:45:00
1620147600000,53849.24,54165.01,53787.89,53921.5,1140.605547,2021-05-04 17:00:00
1620148500000,53921.5,54139.29,53724.18,54116.45,920.233577,2021-05-04 17:15:00
1620149400000,54116.44,54250.0,53912.0,54238.98,803.940314,2021-05-04 17:30:00
1620150300000,54238.98,54289.75,54014.59,54166.82,678.990367,2021-05-04 17:45:00
1620151200000,54166.87,54315.78,54030.0,54238.72,789.039777,2021-05-04 18:00:00
1620152100000,54238.71,54238.72,53985.34,54140.0,565.333184,2021-05-04 18:15:00
1620153000000,54140.0,54651.0,54063.01,54579.91,1063.487532,2021-05-04 18:30:00
1620153900000,54579.92,54745.81,54500.01,54524.76,745.320707,2021-05-04 18:45:00
1620154800000,54522.62,54578.03,54272.52,54316.26,725.817673,2021-05-04 19:00:00
1620155700000,54316.25,54500.0,54301.41,54314.85,507.121214,2021-05-04 19:15:00
1620156600000,54314.85,54484.3,54209.65,54454.2,606.569282,2021-05-04 19:30:00
1620157500000,54454.21,54569.87,54311.98,54541.13,443.232791,2021-05-04 19:45:00
1620158400000,54539.73,54672.96,54417.49,54611.05,540.791831,2021-05-04 20:00:00
1620159300000,54611.05,54664.45,53929.06,53981.72,747.272425,2021-05-04 20:15:00
1620160200000,53988.57,54300.0,53900.0,54265.92,489.028311,2021-05-04 20:30:00
1620161100000,54265.92,54824.0,54265.91,54727.01,801.025559,2021-05-04 20:45:00
1620162000000,54727.0,54809.48,54438.74,54658.6,465.296802,2021-05-04 21:00:00
1620162900000,54652.29,54662.01,54500.0,54605.64,391.669906,2021-05-04 21:15:00
1620163800000,54605.64,54663.68,54280.97,54326.86,494.998603,2021-05-04 21:30:00
1620164700000,54328.82,54437.43,54194.9,54349.83,401.535352,2021-05-04 21:45:00
1620165600000,54349.84,54427.0,53941.17,54037.78,593.437402,2021-05-04 22:00:00
1620166500000,54037.79,54120.0,53931.36,53956.79,468.153938,2021-05-04 22:15:00
1620167400000,53955.36,53955.36,53533.0,53598.56,568.209178,2021-05-04 22:30:00
1620168300000,53598.57,54139.3,53565.33,54079.61,496.833438,2021-05-04 22:45:00
1620169200000,54079.6,54236.63,53852.07,54168.57,318.793825,2021-05-04 23:00:00
1620170100000,54168.57,54168.58,53788.0,54012.61,416.288175,2021-05-04 23:15:00
1620171000000,54012.62,54193.85,53737.18,53758.64,408.14282,2021-05-04 23:30:00
1620171900000,53758.65,53787.36,53046.69,53200.01,1042.538253,2021-05-04 23:45:00
1620172800000,53205.05,53845.52,52900.0,53754.22,1569.091316,2021-05-05 00:00:00
1620173700000,53754.23,54066.61,53734.99,54040.06,808.613913,2021-05-05 00:15:00
1620174600000,54040.07,54748.42,54039.84,54655.34,1383.254464,2021-05-05 00:30:00
1620175500000,54655.34,54886.69,54539.39,54566.58,951.624285,2021-05-05 00:45:00
1620176400000,54566.53,55070.81,54563.86,54959.05,1286.840698,2021-05-05 01:00:00
1620177300000,54959.05,55098.0,54690.01,54781.43,745.668211,2021-05-05 01:15:00
1620178200000,54781.43,54840.27,54404.9,54697.53,716.817698,2021-05-05 01:30:00
1620179100000,54697.53,54888.4,54641.81,54758.72,502.329492,2021-05-05 01:45:00
1620180000000,54758.72,55279.31,54659.0,55262.06,844.75375,2021-05-05 02:00:00
1620180900000,55262.06,55415.83,55065.89,55204.56,620.822347,2021-05-05 02:15:00
1620181800000,55204.56,55350.0,55009.71,55092.89,428.36431,2021-05-05 02:30:00
1620182700000,55092.89,55200.0,54902.94,55050.22,485.582199,2021-05-05 02:45:00
1620183600000,55050.22,55203.44,54879.74,54900.01,743.762773,2021-05-05 03:00:00
1620184500000,54900.0,55196.42,54870.63,55005.33,636.980758,2021-05-05 03:15:00
1620185400000,55005.34,55242.02,54887.21,54980.32,663.761478,2021-05-05 03:30:00
1620186300000,54980.32,54980.32,54709.0,54795.19,740.110174,2021-05-05 03:45:00
1620187200000,54798.87,55000.0,54777.62,54846.8,652.07706,2021-05-05 04:00:00
1620188100000,54846.8,54884.33,54727.62,54815.72,653.493993,2021-05-05 04:15:00
1620189000000,54815.72,55285.71,54724.53,54744.16,936.809118,2021-05-05 04:30:00
1620189900000,54744.16,54849.19,54428.92,54552.15,744.802065,2021-05-05 04:45:00
1620190800000,54552.32,54600.0,54276.0,54493.62,751.997588,2021-05-05 05:00:00
1620191700000,54490.59,54733.25,54414.59,54614.55,465.099538,2021-05-05 05:15:00
1620192600000,54614.55,54910.27,54560.0,54755.69,528.956979,2021-05-05 05:30:00
1620193500000,54753.28,54753.28,54417.0,54693.1,730.44868,2021-05-05 05:45:00
1620194400000,54691.72,54731.62,54519.68,54570.0,389.464739,2021-05-05 06:00:00
1620195300000,54570.01,54592.93,54054.78,54314.75,690.217278,2021-05-05 06:15:00
1620196200000,54312.02,54313.03,53922.84,54032.15,781.546527,2021-05-05 06:30:00
1620197100000,54032.15,54458.64,54022.14,54421.51,606.011901,2021-05-05 06:45:00
1620198000000,54421.51,54491.21,54302.0,54479.32,508.60297,2021-05-05 07:00:00
1620198900000,54479.31,54582.12,54435.24,54532.08,452.088682,2021-05-05 07:15:00
1620199800000,54532.08,54764.45,54507.82,54750.51,437.806459,2021-05-05 07:30:00
1620200700000,54750.5,55028.21,54692.15,54858.35,750.590434,2021-05-05 07:45:00
1620201600000,54858.35,54975.3,54679.13,54696.81,737.352683,2021-05-05 08:00:00
1620202500000,54696.81,55248.96,54696.8,55234.85,829.400771,2021-05-05 08:15:00
1620203400000,55234.85,55349.09,55139.54,55273.86,652.909447,2021-05-05 08:30:00
1620204300000,55273.87,55555.0,55273.86,55425.02,893.963817,2021-05-05 08:45:00
1620205200000,55425.02,55492.15,55215.61,55246.12,538.409781,2021-05-05 09:00:00
1620206100000,55246.12,55349.99,55055.51,55131.57,485.670049,2021-05-05 09:15:00
1620207000000,55131.57,55402.47,55131.56,55236.3,368.180223,2021-05-05 09:30:00
1620207900000,55236.29,55410.48,55216.0,55359.48,411.447641,2021-05-05 09:45:00
1620208800000,55359.48,55480.0,55205.72,55234.6,564.241077,2021-05-05 10:00:00
1620209700000,55234.6,55320.92,55066.31,55212.0,716.103321,2021-05-05 10:15:00
1620210600000,55212.0,55495.0,55189.21,55312.65,667.761315,2021-05-05 10:30:00
1620211500000,55312.64,55809.24,55212.19,55627.54,684.112766,2021-05-05 10:45:00
1620212400000,55627.55,55672.55,55277.77,55363.23,623.740984,2021-05-05 11:00:00
1620213300000,55363.23,55445.64,55138.85,55201.78,656.881692,2021-05-05 11:15:00
1620214200000,55200.01,55319.91,55150.0,55192.99,442.40547,2021-05-05 11:30:00
1620215100000,55192.99,55300.0,55000.0,55108.95,685.152104,2021-05-05 11:45:00
1620216000000,55108.95,55350.01,55032.65,55280.0,603.888944,2021-05-05 12:00:00
1620216900000,55280.0,55775.15,55280.0,55431.45,1037.231986,2021-05-05 12:15:00
1620217800000,55431.45,55529.91,55284.06,55351.01,758.796223,2021-05-05 12:30:00
1620218700000,55351.01,55647.67,55299.18,55573.09,504.61455,2021-05-05 12:45:00
1620219600000,55573.1,55747.47,55535.61,55590.0,603.528215,2021-05-05 13:00:00
1620220500000,55581.39,56026.0,55543.04,55903.0,984.9543,2021-05-05 13:15:00
1620221400000,55903.0,56111.0,55760.27,56102.38,1113.274464,2021-05-05 13:30:00
1620222300000,56102.38,56259.74,56046.21,56247.17,1083.40686,2021-05-05 13:45:00
1620223200000,56247.16,56325.42,55690.0,56070.59,1259.904016,2021-05-05 14:00:00
1620224100000,56070.6,56073.21,55659.69,55828.47,1110.343042,2021-05-05 14:15:00
1620225000000,55828.47,56349.58,55828.47,56330.26,816.387152,2021-05-05 14:30:00
1620225900000,56330.25,57000.0,56315.01,56982.8,2021.02215,2021-05-05 14:45:00
1620226800000,56982.92,57333.0,56948.67,57206.79,1972.785487,2021-05-05 15:00:00
1620227700000,57206.79,57478.0,56915.41,57025.34,2045.067389,2021-05-05 15:15:00
1620228600000,57025.33,57300.0,56981.39,57177.92,1629.594935,2021-05-05 15:30:00
1620229500000,57177.92,57712.06,57170.3,57636.74,1791.822247,2021-05-05 15:45:00
1620230400000,57635.89,58069.82,57431.25,57704.59,4130.14598,2021-05-05 16:00:00
1620231300000,57704.59,57834.18,57444.0,57567.47,1476.650553,2021-05-05 16:15:00
1620232200000,57567.46,57718.97,57227.45,57404.53,1130.475178,2021-05-05 16:30:00
1620233100000,57404.3,57500.0,57256.38,57414.77,990.821698,2021-05-05 16:45:00
1620234000000,57414.77,57556.4,57253.45,57428.43,711.000554,2021-05-05 17:00:00
1620234900000,57428.42,57699.98,57357.07,57535.43,587.541362,2021-05-05 17:15:00
1620235800000,57535.43,57665.48,57198.03,57312.58,694.642763,2021-05-05 17:30:00
1620236700000,57312.59,57482.85,57239.15,57281.33,538.372224,2021-05-05 17:45:00
1620237600000,57281.33,57500.0,57272.72,57425.8,501.056901,2021-05-05 18:00:00
1620238500000,57425.8,57436.09,57210.36,57319.05,467.561823,2021-05-05 18:15:00
1620239400000,57319.05,57474.02,57043.0,57081.99,603.516866,2021-05-05 18:30:00
1620240300000,57081.98,57345.95,57081.98,57301.55,639.747899,2021-05-05 18:45:00
1620241200000,57301.56,57428.19,57238.93,57392.35,513.470658,2021-05-05 19:00:00
1620242100000,57392.36,57500.0,57284.13,57293.83,517.627874,2021-05-05 19:15:00
1620243000000,57293.82,57355.42,57077.0,57100.0,554.735977,2021-05-05 19:30:00
1620243900000,57100.0,57221.05,57043.12,57136.04,690.999239,2021-05-05 19:45:00
1620244800000,57136.04,57239.85,56888.0,57238.47,791.676273,2021-05-05 20:00:00
1620245700000,57238.47,57238.48,56620.75,56800.01,991.204277,2021-05-05 20:15:00
1620246600000,56800.01,56959.0,56576.04,56721.66,845.495863,2021-05-05 20:30:00
1620247500000,56721.66,56953.24,56670.47,56841.77,506.023063,2021-05-05 20:45:00
1620248400000,56841.77,56977.07,56734.64,56886.99,353.010137,2021-05-05 21:00:00
1620249300000,56887.0,56941.93,56810.0,56830.26,332.360027,2021-05-05 21:15:00
1620250200000,56830.26,56867.95,56687.35,56707.0,363.87235,2021-05-05 21:30:00
1620251100000,56705.81,56973.78,56687.4,56796.44,415.547599,2021-05-05 21:45:00
1620252000000,56796.44,56888.56,56750.0,56885.06,384.169463,2021-05-05 22:00:00
1620252900000,56885.07,57526.66,56867.59,57523.96,990.674534,2021-05-05 22:15:00
1620253800000,57523.96,57619.86,57227.54,57280.38,826.775939,2021-05-05 22:30:00
1620254700000,57280.38,57355.59,56715.3,57064.55,942.044411,2021-05-05 22:45:00
1620255600000,57064.54,57210.55,56926.0,56999.01,710.309369,2021-05-05 23:00:00
1620256500000,56999.01,57400.0,56999.0,57165.13,567.556329,2021-05-05 23:15:00
1620257400000,57164.68,57416.16,57120.01,57264.19,521.382073,2021-05-05 23:30:00
1620258300000,57264.19,57460.67,57109.78,57436.11,470.707205,2021-05-05 23:45:00
1620259200000,57436.11,57570.0,57152.86,57497.63,944.782383,2021-05-06 00:00:00
1620260100000,57497.63,57527.92,56699.37,56898.57,1185.422389,2021-05-06 00:15:00
1620261000000,56898.56,57155.61,56580.0,56592.9,872.109128,2021-05-06 00:30:00
1620261900000,56592.89,57050.22,56570.66,56959.92,695.788584,2021-05-06 00:45:00
1620262800000,56959.93,56959.93,56596.32,56766.9,878.541274,2021-05-06 01:00:00
1620263700000,56766.9,56968.67,56576.36,56960.4,627.086756,2021-05-06 01:15:00
1620264600000,56960.41,57193.81,56920.03,57087.75,739.077759,2021-05-06 01:30:00
1620265500000,57087.76,57194.99,56787.43,56835.86,508.441025,2021-05-06 01:45:00
1620266400000,56835.85,57050.0,56707.34,56892.66,435.375868,2021-05-06 02:00:00
1620267300000,56892.67,57165.6,56816.32,57135.83,502.773889,2021-05-06 02:15:00
1620268200000,57135.82,57150.0,56970.33,56979.74,466.880526,2021-05-06 02:30:00
1620269100000,56979.74,57100.02,56847.53,57033.36,460.050289,2021-05-06 02:45:00
1620270000000,57033.36,57033.37,56700.0,56894.9,475.559482,2021-05-06 03:00:00
1620270900000,56894.91,56894.91,56730.93,56793.59,356.329501,2021-05-06 03:15:00
1620271800000,56793.6,56879.53,56685.03,56701.91,395.483149,2021-05-06 03:30:00
1620272700000,56701.92,56894.56,56632.65,56797.09,414.149375,2021-05-06 03:45:00
1620273600000,56797.09,57136.0,56717.86,57060.02,565.700822,2021-05-06 04:00:00
1620274500000,57060.02,57429.82,57044.58,57418.1,706.684841,2021-05-06 04:15:00
1620275400000,57418.1,57568.42,57031.59,57187.06,919.071835,2021-05-06 04:30:00
1620276300000,57183.03,57183.03,56708.08,56943.39,863.924992,2021-05-06 04:45:00
1620277200000,56943.39,56949.26,56700.0,56917.15,462.479774,2021-05-06 05:00:00
1620278100000,56917.15,57090.9,56912.79,57077.21,383.096851,2021-05-06 05:15:00
1620279000000,57077.22,57343.6,56997.77,57074.86,446.917949,2021-05-06 05:30:00
1620279900000,57074.86,57271.41,56913.48,57167.03,402.163829,2021-05-06 05:45:00
1620280800000,57167.03,57167.03,56811.0,56872.45,463.493495,2021-05-06 06:00:00
1620281700000,56872.44,57094.4,56853.0,56902.0,471.771889,2021-05-06 06:15:00
1620282600000,56902.0,56916.93,56702.43,56859.66,611.910868,2021-05-06 06:30:00
1620283500000,56859.66,56866.97,56441.19,56587.65,1067.68819,2021-05-06 06:45:00
1620284400000,56587.66,56788.24,56331.66,56630.0,823.917657,2021-05-06 07:00:00
1620285300000,56626.8,56800.0,56532.87,56798.19,434.193097,2021-05-06 07:15:00
1620286200000,56798.2,56897.62,56695.77,56769.85,452.96304,2021-05-06 07:30:00
1620287100000,56769.84,56882.89,56629.61,56814.79,335.603176,2021-05-06 07:45:00
1620288000000,56814.79,57079.99,56788.26,56946.99,520.954818,2021-05-06 08:00:00
1620288900000,56946.99,57200.0,56835.47,57172.37,544.768983,2021-05-06 08:15:00
1620289800000,57172.38,57203.81,56980.0,57072.0,486.224033,2021-05-06 08:30:00
1620290700000,57072.01,57076.77,56816.99,56898.87,533.986844,2021-05-06 08:45:00
1620291600000,56898.88,57073.78,56789.36,56966.27,491.161737,2021-05-06 09:00:00
1620292500000,56966.27,57169.99,56772.75,57169.99,473.718748,2021-05-06 09:15:00
1620293400000,57169.99,57306.75,57028.99,57290.73,555.871515,2021-05-06 09:30:00
1620294300000,57291.9,57325.0,57156.25,57261.57,623.236256,2021-05-06 09:45:00
1620295200000,57261.57,58056.0,57150.0,57980.02,1940.343221,2021-05-06 10:00:00
1620296100000,57980.02,58360.0,57968.57,58275.21,1676.469323,2021-05-06 10:15:00
1620297000000,58276.19,58348.99,58073.4,58136.74,791.906406,2021-05-06 10:30:00
1620297900000,58136.74,58167.5,57930.3,57982.1,774.204169,2021-05-06 10:45:00
1620298800000,57982.1,58024.12,57688.0,57820.23,889.13255,2021-05-06 11:00:00
1620299700000,57820.24,57960.0,57722.37,57831.22,641.852474,2021-05-06 11:15:00
1620300600000,57831.22,58100.0,57760.6,58055.42,787.647036,2021-05-06 11:30:00
1620301500000,58055.42,58140.0,57869.55,57988.0,729.188457,2021-05-06 11:45:00
1620302400000,57988.0,58099.0,57710.23,57748.53,643.593845,2021-05-06 12:00:00
1620303300000,57747.77,57867.96,57558.73,57789.64,805.65167,2021-05-06 12:15:00
1620304200000,57789.65,57801.95,57614.5,57686.62,691.529285,2021-05-06 12:30:00
1620305100000,57686.62,57750.0,57448.94,57616.97,761.990493,2021-05-06 12:45:00
1620306000000,57616.98,57700.0,57251.0,57376.63,1017.707848,2021-05-06 13:00:00
1620306900000,57370.89,57522.8,57182.11,57378.8,749.975331,2021-05-06 13:15:00
1620307800000,57378.81,57496.99,57260.28,57389.91,567.715361,2021-05-06 13:30:00
1620308700000,57389.91,57513.46,57051.96,57271.31,712.419351,2021-05-06 13:45:00
1620309600000,57271.31,57359.76,56875.4,57070.0,665.297973,2021-05-06 14:00:00
1620310500000,57069.99,57293.17,57026.26,57264.33,667.786314,2021-05-06 14:15:00
1620311400000,57260.95,57357.43,57152.61,57175.48,570.860101,2021-05-06 14:30:00
1620312300000,57175.49,57399.99,57124.08,57153.13,590.137642,2021-05-06 14:45:00
1620313200000,57153.12,57282.13,56880.0,57055.35,858.019549,2021-05-06 15:00:00
1620314100000,57055.34,57110.91,56905.38,57000.0,757.293069,2021-05-06 15:15:00
1620315000000,57000.0,57126.68,56935.45,57058.1,687.334793,2021-05-06 15:30:00
1620315900000,57058.1,57350.72,56763.0,57088.49,1344.875878,2021-05-06 15:45:00
1620316800000,57088.48,57244.48,56841.87,57156.5,968.457538,2021-05-06 16:00:00
1620317700000,57156.49,57475.0,56996.75,57261.48,1030.745065,2021-05-06 16:15:00
1620318600000,57260.81,57294.84,56991.36,57081.13,770.334776,2021-05-06 16:30:00
1620319500000,57081.13,57083.23,56574.19,56718.03,1010.478923,2021-05-06 16:45:00
1620320400000,56718.04,56986.08,56684.87,56898.01,521.092713,2021-05-06 17:00:00
1620321300000,56898.02,57023.36,56891.78,56980.29,436.382491,2021-05-06 17:15:00
1620322200000,56980.29,57100.0,56881.72,56949.94,514.083415,2021-05-06 17:30:00
1620323100000,56949.94,57024.71,56734.05,56777.0,645.600047,2021-05-06 17:45:00
1620324000000,56775.54,56970.0,56668.21,56838.08,741.759209,2021-05-06 18:00:00
1620324900000,56838.09,56938.54,56666.0,56698.29,737.002579,2021-05-06 18:15:00
1620325800000,56697.65,56763.85,55450.0,55614.44,2968.342073,2021-05-06 18:30:00
1620326700000,55616.68,56000.0,55450.0,55753.57,1994.248893,2021-05-06 18:45:00
1620327600000,55752.54,55956.28,55447.71,55641.4,1390.585653,2021-05-06 19:00:00
1620328500000,55634.86,55672.83,55200.0,55659.01,1624.585059,2021-05-06 19:15:00
1620329400000,55659.01,55979.99,55651.33,55910.95,822.728508,2021-05-06 19:30:00
1620330300000,55903.78,56358.96,55894.88,56128.42,1005.481321,2021-05-06 19:45:00
1620331200000,56128.42,56188.58,55674.13,55814.49,1187.246444,2021-05-06 20:00:00
1620332100000,55814.49,56019.84,55686.12,56019.83,671.602961,2021-05-06 20:15:00
1620333000000,56019.84,56269.0,55795.36,55873.88,946.89732,2021-05-06 20:30:00
1620333900000,55873.87,56061.73,55795.36,55913.75,497.370763,2021-05-06 20:45:00
1620334800000,55913.76,56168.09,55890.86,56134.07,421.192184,2021-05-06 21:00:00
1620335700000,56133.99,56259.89,56022.88,56240.72,535.808885,2021-05-06 21:15:00
1620336600000,56240.72,56364.14,56160.45,56275.0,376.609662,2021-05-06 21:30:00
1620337500000,56275.0,56452.82,56250.0,56296.52,605.470782,2021-05-06 21:45:00
1620338400000,56296.52,56398.98,56186.16,56205.11,646.986397,2021-05-06 22:00:00
1620339300000,56205.1,56448.27,56200.0,56237.58,387.076316,2021-05-06 22:15:00
1620340200000,56237.57,56564.17,56237.57,56487.43,361.806589,2021-05-06 22:30:00
1620341100000,56487.43,56513.01,56378.01,56498.56,455.492498,2021-05-06 22:45:00
1620342000000,56498.56,56554.68,56329.0,56535.67,446.957035,2021-05-06 23:00:00
1620342900000,56535.66,56677.19,56254.29,56530.44,593.849845,2021-05-06 23:15:00
1620343800000,56530.45,56794.4,56403.75,56468.49,510.197112,2021-05-06 23:30:00
1620344700000,56468.36,56615.93,56300.28,56393.68,432.910097,2021-05-06 23:45:00
1620345600000,56393.68,56747.53,56028.46,56709.6,1021.811065,2021-05-07 00:00:00
1620346500000,56709.61,57122.17,56695.53,56781.24,1065.779704,2021-05-07 00:15:00
1620347400000,56781.24,56859.73,56571.42,56734.95,771.429739,2021-05-07 00:30:00
1620348300000,56734.96,56842.3,56370.92,56376.29,813.225315,2021-05-07 00:45:00
1620349200000,56376.33,56565.88,55900.0,56037.84,964.746311,2021-05-07 01:00:00
1620350100000,56037.79,56300.02,56037.79,56260.0,589.380191,2021-05-07 01:15:00
1620351000000,56260.0,56324.66,56021.99,56105.39,581.282161,2021-05-07 01:30:00
1620351900000,56105.39,56293.79,55957.15,56197.07,653.027898,2021-05-07 01:45:00
1620352800000,56197.06,56397.02,56119.6,56294.59,787.28486,2021-05-07 02:00:00
1620353700000,56294.58,56300.0,55864.38,55876.58,943.405837,2021-05-07 02:15:00
1620354600000,55876.58,55969.34,55500.0,55651.87,1580.267107,2021-05-07 02:30:00
1620355500000,55655.75,55969.38,55651.97,55829.28,637.584499,2021-05-07 02:45:00
1620356400000,55829.28,56150.0,55680.0,55909.21,873.534627,2021-05-07 03:00:00
1620357300000,55909.21,55989.02,55510.89,55599.99,830.994935,2021-05-07 03:15:00
1620358200000,55593.3,55880.0,55476.74,55737.0,626.827976,2021-05-07 03:30:00
1620359100000,55737.0,55945.94,55680.0,55705.67,475.497236,2021-05-07 03:45:00
1620360000000,55705.67,55735.75,55341.83,55730.76,864.888513,2021-05-07 04:00:00
1620360900000,55730.75,55846.56,55419.36,55438.22,641.674445,2021-05-07 04:15:00
1620361800000,55438.21,55696.26,55241.63,55693.25,843.40346,2021-05-07 04:30:00
1620362700000,55692.21,55890.98,55477.88,55830.9,513.120357,2021-05-07 04:45:00
1620363600000,55830.9,55980.0,55712.39,55911.59,558.576497,2021-05-07 05:00:00
1620364500000,55911.59,55969.34,55753.69,55944.92,476.243998,2021-05-07 05:15:00
1620365400000,55944.92,56106.34,55857.0,55959.76,500.780854,2021-05-07 05:30:00
1620366300000,55956.91,55974.65,55795.36,55795.36,554.489511,2021-05-07 05:45:00
1620367200000,55795.37,56073.75,55640.37,56035.0,601.446643,2021-05-07 06:00:00
1620368100000,56033.26,56141.78,55941.94,55984.64,478.126547,2021-05-07 06:15:00
1620369000000,55984.64,56089.99,55886.13,56089.6,494.682805,2021-05-07 06:30:00
1620369900000,56090.0,56194.1,56062.21,56109.0,471.928806,2021-05-07 06:45:00
1620370800000,56109.01,56238.11,55963.29,56122.11,692.517329,2021-05-07 07:00:00
1620371700000,56120.4,56280.88,56039.62,56238.42,726.152827,2021-05-07 07:15:00
1620372600000,56238.41,56245.7,55855.58,55941.83,625.510473,2021-05-07 07:30:00
1620373500000,55941.83,56021.18,55675.01,55766.34,651.324796,2021-05-07 07:45:00
1620374400000,55766.33,56040.08,55578.97,55588.21,838.523024,2021-05-07 08:00:00
1620375300000,55588.22,55843.12,55570.35,55827.35,677.585532,2021-05-07 08:15:00
1620376200000,55827.35,55924.03,55641.35,55781.38,535.565516,2021-05-07 08:30:00
1620377100000,55781.37,56162.44,55776.15,56086.5,524.646041,2021-05-07 08:45:00
1620378000000,56086.51,56320.65,56086.5,56146.66,674.795712,2021-05-07 09:00:00
1620378900000,56146.65,56250.0,56039.72,56217.25,517.919143,2021-05-07 09:15:00
1620379800000,56217.26,56550.0,56210.0,56348.98,904.984592,2021-05-07 09:30:00
1620380700000,56348.97,56348.97,56211.41,56231.46,522.493091,2021-05-07 09:45:00
1620381600000,56231.46,56670.0,56231.46,56526.08,860.568658,2021-05-07 10:00:00
1620382500000,56526.09,56607.99,56380.0,56420.84,505.928354,2021-05-07 10:15:00
1620383400000,56420.85,56546.14,56334.44,56536.52,760.003255,2021-05-07 10:30:00
1620384300000,56536.51,56689.7,56397.44,56400.57,792.886337,2021-05-07 10:45:00
1620385200000,56400.57,56500.0,56259.57,56309.59,604.450853,2021-05-07 11:00:00
1620386100000,56309.59,56668.83,56217.22,56619.61,554.081708,2021-05-07 11:15:00
1620387000000,56619.61,56784.0,56550.0,56595.03,662.262565,2021-05-07 11:30:00
1620387900000,56595.03,56627.21,56436.79,56464.74,493.599301,2021-05-07 11:45:00
1620388800000,56464.74,56675.0,56311.03,56442.57,837.973659,2021-05-07 12:00:00
1620389700000,56442.57,56573.71,56228.24,56464.09,773.481649,2021-05-07 12:15:00
1620390600000,56464.09,57409.42,56464.08,57353.44,1736.124772,2021-05-07 12:30:00
1620391500000,57353.44,57586.48,57106.44,57459.27,1245.958312,2021-05-07 12:45:00
1620392400000,57459.27,57680.0,57249.37,57308.49,952.507746,2021-05-07 13:00:00
1620393300000,57308.49,57324.96,57116.16,57160.38,745.534469,2021-05-07 13:15:00
1620394200000,57160.38,57256.95,57001.0,57105.82,748.298103,2021-05-07 13:30:00
1620395100000,57105.78,57218.14,56900.0,56997.47,849.861308,2021-05-07 13:45:00
1620396000000,56997.47,57099.96,56696.0,56914.13,1072.513004,2021-05-07 14:00:00
1620396900000,56914.13,57079.14,56901.97,56955.24,817.172606,2021-05-07 14:15:00
1620397800000,56955.24,57215.75,56850.0,57087.38,915.454755,2021-05-07 14:30:00
1620398700000,57087.37,57200.0,57000.0,57129.5,686.938093,2021-05-07 14:45:00
1620399600000,57129.5,57450.0,57050.16,57448.97,822.91487,2021-05-07 15:00:00
1620400500000,57448.98,57450.0,57225.49,57316.77,609.839771,2021-05-07 15:15:00
1620401400000,57316.77,57390.63,57113.26,57369.19,816.389326,2021-05-07 15:30:00
1620402300000,57369.19,57600.0,57290.53,57519.24,1158.957289,2021-05-07 15:45:00
1620403200000,57519.25,57988.96,57132.65,57844.0,1959.814839,2021-05-07 16:00:00
1620404100000,57843.99,58000.0,57535.66,57587.13,1237.528464,2021-05-07 16:15:00
1620405000000,57587.13,57793.89,57502.9,57725.98,977.388636,2021-05-07 16:30:00
1620405900000,57725.99,58300.0,57653.48,58300.0,1764.986151,2021-05-07 16:45:00
1620406800000,58300.0,58650.0,58299.99,58454.03,2119.607787,2021-05-07 17:00:00
1620407700000,58442.12,58450.0,58169.09,58314.58,829.875609,2021-05-07 17:15:00
1620408600000,58314.58,58363.97,57908.86,58111.23,865.586685,2021-05-07 17:30:00
1620409500000,58111.22,58181.99,58028.01,58119.99,597.861612,2021-05-07 17:45:00
1620410400000,58120.0,58136.25,57621.41,57796.39,1227.466917,2021-05-07 18:00:00
1620411300000,57796.39,58208.66,57722.11,57990.95,716.622525,2021-05-07 18:15:00
1620412200000,57990.94,58119.77,57849.57,57900.01,568.675698,2021-05-07 18:30:00
1620413100000,57900.01,58115.41,57815.68,57890.03,455.618275,2021-05-07 18:45:00
1620414000000,57890.02,57997.94,57760.38,57838.99,656.856487,2021-05-07 19:00:00
1620414900000,57839.0,57839.0,57477.05,57611.27,830.602149,2021-05-07 19:15:00
1620415800000,57611.26,57687.42,57430.0,57582.05,676.087318,2021-05-07 19:30:00
1620416700000,57582.05,57654.27,57440.01,57584.01,484.048881,2021-05-07 19:45:00
1620417600000,57584.01,58074.31,57584.0,58046.97,948.732502,2021-05-07 20:00:00
1620418500000,58046.97,58049.96,57680.36,57739.2,455.723636,2021-05-07 20:15:00
1620419400000,57739.2,57795.56,57571.42,57614.68,380.890438,2021-05-07 20:30:00
1620420300000,57614.68,57716.07,57376.25,57607.97,594.302732,2021-05-07 20:45:00
1620421200000,57607.97,57623.91,57360.0,57384.3,616.929195,2021-05-07 21:00:00
1620422100000,57376.33,57472.36,57147.0,57379.54,851.591648,2021-05-07 21:15:00
1620423000000,57379.03,57619.5,57360.0,57558.7,478.5428,2021-05-07 21:30:00
1620423900000,57558.7,57568.92,57250.0,57358.44,489.747808,2021-05-07 21:45:00
1620424800000,57358.45,57571.29,57189.8,57224.99,586.517007,2021-05-07 22:00:00
1620425700000,57225.0,57413.33,56883.46,57059.73,1315.981047,2021-05-07 22:15:00
1620426600000,57059.72,57190.42,56912.65,56930.27,880.247514,2021-05-07 22:30:00
1620427500000,56930.27,57094.25,56749.75,57030.92,769.09138,2021-05-07 22:45:00
1620428400000,57030.92,57282.82,57020.13,57282.81,712.806825,2021-05-07 23:00:00
1620429300000,57282.82,57300.0,57080.02,57299.21,508.145017,2021-05-07 23:15:00
1620430200000,57292.76,57389.21,57177.52,57240.58,495.728541,2021-05-07 23:30:00
1620431100000,57235.1,57389.2,57185.87,57314.75,357.98097,2021-05-07 23:45:00
1620432000000,57315.49,57565.99,56900.0,57042.07,817.146401,2021-05-08 00:00:00
1620432900000,57042.07,57479.09,57042.07,57273.87,576.886376,2021-05-08 00:15:00
1620433800000,57273.87,57562.61,57272.4,57461.02,513.380055,2021-05-08 00:30:00
1620434700000,57464.1,57761.78,57437.55,57700.78,639.526894,2021-05-08 00:45:00
1620435600000,57700.53,57727.88,57555.0,57610.67,356.5323,2021-05-08 01:00:00
1620436500000,57610.67,57610.68,57498.17,57517.5,419.784125,2021-05-08 01:15:00
1620437400000,57517.5,57788.79,57424.01,57767.71,476.893375,2021-05-08 01:30:00
1620438300000,57767.71,57767.72,57543.0,57558.89,501.678463,2021-05-08 01:45:00
1620439200000,57558.9,57722.11,57500.34,57643.22,457.62607,2021-05-08 02:00:00
1620440100000,57643.23,57713.53,57507.92,57596.31,502.552111,2021-05-08 02:15:00
1620441000000,57596.3,57980.0,57588.66,57948.19,642.070009,2021-05-08 02:30:00
1620441900000,57953.06,58310.29,57850.01,58253.2,992.618769,2021-05-08 02:45:00
1620442800000,58253.2,58400.0,58235.65,58294.5,788.311507,2021-05-08 03:00:00
1620443700000,58294.5,58294.5,58066.36,58072.21,633.019227,2021-05-08 03:15:00
1620444600000,58072.2,58251.37,57980.94,58154.84,514.026556,2021-05-08 03:30:00
1620445500000,58154.84,58210.0,58000.0,58099.98,373.799671,2021-05-08 03:45:00
1620446400000,58099.86,58200.0,57950.35,58172.21,471.694654,2021-05-08 04:00:00
1620447300000,58172.2,58599.99,58102.0,58331.48,983.966104,2021-05-08 04:15:00
1620448200000,58329.73,58398.89,58200.0,58214.98,408.347261,2021-05-08 04:30:00
1620449100000,58214.98,58217.66,57993.62,58057.02,533.85348,2021-05-08 04:45:00
1620450000000,58057.01,58067.32,57850.43,57927.1,541.581364,2021-05-08 05:00:00
1620450900000,57927.1,57959.83,57802.29,57892.54,497.094591,2021-05-08 05:15:00
1620451800000,57892.54,57951.48,57791.0,57815.22,463.916074,2021-05-08 05:30:00
1620452700000,57815.22,57987.25,57800.12,57877.97,433.326263,2021-05-08 05:45:00
1620453600000,57877.97,57975.31,57680.0,57749.49,393.320192,2021-05-08 06:00:00
1620454500000,57749.48,57762.0,57569.31,57760.52,502.429707,2021-05-08 06:15:00
1620455400000,57760.53,57766.99,57500.0,57727.0,525.249085,2021-05-08 06:30:00
1620456300000,57729.82,57805.07,57617.14,57804.1,442.152048,2021-05-08 06:45:00
1620457200000,57804.09,57804.09,57604.06,57754.18,454.046188,2021-05-08 07:00:00
1620458100000,57754.18,58100.0,57722.1,58068.69,618.914544,2021-05-08 07:15:00
1620459000000,58068.69,58285.0,58018.26,58186.37,568.735924,2021-05-08 07:30:00
1620459900000,58186.38,58540.01,58186.28,58463.06,1290.940761,2021-05-08 07:45:00
1620460800000,58463.06,59000.0,58458.29,58968.21,2101.579839,2021-05-08 08:00:00
1620461700000,58968.22,59379.26,58948.56,59161.61,2135.606245,2021-05-08 08:15:00
1620462600000,59161.62,59345.0,59003.48,59070.0,1211.683735,2021-05-08 08:30:00
1620463500000,59070.01,59070.01,58785.0,58856.56,971.4219,2021-05-08 08:45:00
1620464400000,58856.57,58971.62,58632.8,58649.13,899.967237,2021-05-08 09:00:00
1620465300000,58649.14,59173.3,58649.14,59098.7,893.493925,2021-05-08 09:15:00
1620466200000,59098.7,59100.97,58760.0,58761.21,666.611765,2021-05-08 09:30:00
1620467100000,58761.21,58848.64,58652.35,58799.99,539.163886,2021-05-08 09:45:00
1620468000000,58800.0,58817.37,58620.01,58658.14,522.065378,2021-05-08 10:00:00
1620468900000,58658.14,58814.99,58623.93,58806.44,500.060018,2021-05-08 10:15:00
1620469800000,58806.44,58888.0,58413.35,58413.36,666.372606,2021-05-08 10:30:00
1620470700000,58413.36,58572.61,58305.0,58539.56,615.085959,2021-05-08 10:45:00
1620471600000,58539.56,58620.39,58486.28,58583.53,418.760653,2021-05-08 11:00:00
1620472500000,58583.45,58620.23,58408.98,58583.27,470.195607,2021-05-08 11:15:00
1620473400000,58583.28,58650.0,58350.0,58614.69,346.983265,2021-05-08 11:30:00
1620474300000,58614.68,58802.09,58519.81,58556.09,446.373329,2021-05-08 11:45:00
1620475200000,58556.09,58604.19,58213.76,58337.11,656.477629,2021-05-08 12:00:00
1620476100000,58337.12,58541.67,58306.13,58539.82,549.003259,2021-05-08 12:15:00
1620477000000,58539.82,58746.12,58431.81,58628.25,618.506997,2021-05-08 12:30:00
1620477900000,58628.25,59118.3,58628.24,58862.79,1093.237612,2021-05-08 12:45:00
1620478800000,58862.8,59028.2,58700.0,58942.18,764.795119,2021-05-08 13:00:00
1620479700000,58942.18,59250.0,58926.78,59223.73,1057.964005,2021-05-08 13:15:00
1620480600000,59223.73,59438.64,59072.31,59323.67,1519.087621,2021-05-08 13:30:00
1620481500000,59323.68,59366.83,58776.88,58828.25,1418.11137,2021-05-08 13:45:00
1620482400000,58828.26,58967.2,58601.0,58725.42,985.354711,2021-05-08 14:00:00
1620483300000,58725.42,58793.24,58620.58,58719.0,578.937092,2021-05-08 14:15:00
1620484200000,58719.01,59060.0,58710.58,58928.11,722.1772,2021-05-08 14:30:00
1620485100000,58928.11,59044.39,58860.0,58946.32,523.282108,2021-05-08 14:45:00
1620486000000,58947.47,58947.48,58536.6,58645.71,627.102557,2021-05-08 15:00:00
1620486900000,58645.71,58700.0,58486.0,58670.95,760.061839,2021-05-08 15:15:00
1620487800000,58670.95,58920.59,58250.0,58468.95,1684.424204,2021-05-08 15:30:00
1620488700000,58468.95,58468.95,57472.95,57599.87,2779.950591,2021-05-08 15:45:00
1620489600000,57599.86,58226.41,57560.63,58143.11,2115.1361,2021-05-08 16:00:00
1620490500000,58143.11,58413.74,57960.37,58126.52,1129.574957,2021-05-08 16:15:00
1620491400000,58126.52,58187.12,58009.25,58140.78,596.96977,2021-05-08 16:30:00
1620492300000,58143.18,58500.0,58034.99,58381.14,897.658844,2021-05-08 16:45:00
1620493200000,58381.14,59000.0,58139.91,58886.66,1407.080337,2021-05-08 17:00:00
1620494100000,58886.66,59050.45,58694.45,58712.8,1126.880182,2021-05-08 17:15:00
1620495000000,58712.8,58899.55,58636.28,58795.13,668.819616,2021-05-08 17:30:00
1620495900000,58795.13,58942.92,58740.24,58898.98,612.611134,2021-05-08 17:45:00
1620496800000,58901.45,59150.0,58901.45,58980.54,940.926663,2021-05-08 18:00:00
1620497700000,58980.54,59236.0,58925.56,59079.78,928.00909,2021-05-08 18:15:00
1620498600000,59081.81,59251.04,58980.75,59146.16,596.24423,2021-05-08 18:30:00
1620499500000,59146.16,59172.77,58979.99,59060.57,471.859423,2021-05-08 18:45:00
1620500400000,59060.57,59300.0,58963.2,59278.35,495.399645,2021-05-08 19:00:00
1620501300000,59276.91,59283.28,59000.0,59136.15,573.301973,2021-05-08 19:15:00
1620502200000,59136.16,59200.0,59012.09,59036.16,422.461706,2021-05-08 19:30:00
1620503100000,59036.16,59117.97,58863.18,59030.56,555.288436,2021-05-08 19:45:00
1620504000000,59030.56,59099.12,58755.0,58951.73,378.907435,2021-05-08 20:00:00
1620504900000,58963.64,59488.0,58889.9,59459.28,871.363395,2021-05-08 20:15:00
1620505800000,59459.29,59500.0,58984.9,59008.92,677.017069,2021-05-08 20:30:00
1620506700000,59008.93,59083.22,58788.0,58935.31,419.337959,2021-05-08 20:45:00
1620507600000,58935.31,58992.55,58788.25,58923.07,433.795189,2021-05-08 21:00:00
1620508500000,58921.72,58930.43,58623.21,58830.21,509.954691,2021-05-08 21:15:00
1620509400000,58830.21,59098.99,58802.02,58973.62,424.358891,2021-05-08 21:30:00
1620510300000,58974.57,59049.42,58735.0,58782.49,525.774744,2021-05-08 21:45:00
1620511200000,58782.48,58883.65,58680.76,58776.17,566.520546,2021-05-08 22:00:00
1620512100000,58776.17,59119.95,58742.11,58943.49,599.426745,2021-05-08 22:15:00
1620513000000,58943.49,58945.1,58477.94,58698.51,771.42167,2021-05-08 22:30:00
1620513900000,58698.51,58736.99,58500.0,58567.12,458.577004,2021-05-08 22:45:00
1620514800000,58567.12,58765.92,58521.27,58617.41,353.712639,2021-05-08 23:00:00
1620515700000,58617.42,58683.14,58520.7,58590.01,286.47967,2021-05-08 23:15:00
1620516600000,58590.01,58699.62,58466.0,58590.89,396.465555,2021-05-08 23:30:00
1620517500000,58590.9,58886.8,58510.12,58862.05,419.25131,2021-05-08 23:45:00
1620518400000,58866.53,59000.0,58681.38,58792.21,557.168934,2021-05-09 00:00:00
1620519300000,58792.2,59075.0,58736.23,58967.06,509.247549,2021-05-09 00:15:00
1620520200000,58967.07,59036.37,58854.0,58880.92,366.904949,2021-05-09 00:30:00
1620521100000,58880.93,58935.48,58505.95,58527.0,543.102468,2021-05-09 00:45:00
1620522000000,58527.0,58684.35,58378.0,58623.75,554.155952,2021-05-09 01:00:00
1620522900000,58623.75,58647.59,58325.09,58394.11,876.038836,2021-05-09 01:15:00
1620523800000,58394.11,59097.0,58334.52,59072.0,982.078259,2021-05-09 01:30:00
1620524700000,59083.4,59239.58,58990.49,59126.14,650.198286,2021-05-09 01:45:00
1620525600000,59126.14,59147.94,58931.03,59041.88,638.709212,2021-05-09 02:00:00
1620526500000,59041.88,59050.0,58732.27,58765.11,537.550877,2021-05-09 02:15:00
1620527400000,58764.46,58806.06,58500.0,58556.22,567.132262,2021-05-09 02:30:00
1620528300000,58556.22,58668.65,58512.96,58605.0,363.77997,2021-05-09 02:45:00
1620529200000,58605.03,58859.83,58542.92,58794.0,570.676104,2021-05-09 03:00:00
1620530100000,58794.0,59000.0,58756.75,58953.48,555.268656,2021-05-09 03:15:00
1620531000000,58953.47,59000.0,58533.39,58804.25,1102.290445,2021-05-09 03:30:00
1620531900000,58804.25,59300.0,58465.96,58632.78,2598.934202,2021-05-09 03:45:00
1620532800000,58635.72,58974.48,58123.0,58127.79,2229.001344,2021-05-09 04:00:00
1620533700000,58127.81,58974.91,57575.0,58435.24,3823.333572,2021-05-09 04:15:00
1620534600000,58435.24,58690.78,57800.0,58117.56,2148.350831,2021-05-09 04:30:00
1620535500000,58117.56,58219.72,57796.76,58157.87,948.668836,2021-05-09 04:45:00
1620536400000,58157.87,58378.41,57937.27,58253.75,984.356215,2021-05-09 05:00:00
1620537300000,58253.75,58424.6,58241.84,58413.44,487.535181,2021-05-09 05:15:00
1620538200000,58413.44,58424.6,58193.0,58318.1,474.369816,2021-05-09 05:30:00
1620539100000,58318.11,58568.96,58250.0,58446.51,367.799914,2021-05-09 05:45:00
1620540000000,58446.51,58570.01,58381.88,58454.25,544.887664,2021-05-09 06:00:00
1620540900000,58454.25,58570.2,58444.01,58489.44,429.781687,2021-05-09 06:15:00
1620541800000,58489.44,58533.79,58347.04,58411.02,672.944901,2021-05-09 06:30:00
1620542700000,58411.03,58620.16,58000.0,58337.57,790.655867,2021-05-09 06:45:00
1620543600000,58337.57,58342.7,58107.49,58141.09,565.925452,2021-05-09 07:00:00
1620544500000,58141.09,58190.0,57926.94,58051.2,551.729459,2021-05-09 07:15:00
1620545400000,58051.19,58056.32,57850.0,57881.62,518.141418,2021-05-09 07:30:00
1620546300000,57881.63,58050.59,57711.71,57965.59,516.821251,2021-05-09 07:45:00
1620547200000,57965.59,58000.0,57815.02,57907.43,542.589005,2021-05-09 08:00:00
1620548100000,57907.42,58126.69,57826.1,58104.39,555.943761,2021-05-09 08:15:00
1620549000000,58104.39,58225.0,58061.47,58081.42,645.016131,2021-05-09 08:30:00
1620549900000,58081.42,58250.0,58014.24,58159.6,495.160855,2021-05-09 08:45:00
1620550800000,58159.59,58222.73,57935.0,57976.0,508.840065,2021-05-09 09:00:00
1620551700000,57976.0,58400.0,57921.05,58175.78,701.420656,2021-05-09 09:15:00
1620552600000,58175.78,58206.79,57589.94,57867.14,1088.577963,2021-05-09 09:30:00
1620553500000,57867.14,58064.27,57768.79,57952.52,609.33649,2021-05-09 09:45:00
1620554400000,57952.53,57952.53,57616.5,57644.04,758.558426,2021-05-09 10:00:00
1620555300000,57644.04,57829.44,57535.61,57806.01,757.336711,2021-05-09 10:15:00
1620556200000,57806.01,57892.17,57706.82,57874.35,465.777043,2021-05-09 10:30:00
1620557100000,57874.35,58052.33,57860.0,57955.04,489.014997,2021-05-09 10:45:00
1620558000000,57955.04,58071.41,57865.85,58036.55,511.196949,2021-05-09 11:00:00
1620558900000,58036.54,58118.34,57915.01,58023.69,472.614783,2021-05-09 11:15:00
1620559800000,58021.16,58200.0,58000.0,58116.33,556.814958,2021-05-09 11:30:00
1620560700000,58116.33,58165.48,57907.49,57907.49,616.277837,2021-05-09 11:45:00
1620561600000,57907.49,58000.0,57161.21,57222.83,2299.904178,2021-05-09 12:00:00
1620562500000,57222.83,57329.57,56713.7,56900.29,2368.285775,2021-05-09 12:15:00
1620563400000,56900.29,57202.23,56821.03,57116.77,1052.683258,2021-05-09 12:30:00
1620564300000,57116.78,57141.0,56235.66,56433.53,1613.216877,2021-05-09 12:45:00
1620565200000,56433.54,56993.25,56402.9,56958.75,1186.009679,2021-05-09 13:00:00
1620566100000,56958.75,57035.0,56825.32,56861.48,928.384543,2021-05-09 13:15:00
1620567000000,56861.49,57150.0,56813.0,57050.52,725.986092,2021-05-09 13:30:00
1620567900000,57050.52,57387.77,57034.73,57220.02,713.274862,2021-05-09 13:45:00
1620568800000,57220.01,57448.85,57200.0,57277.27,730.258271,2021-05-09 14:00:00
1620569700000,57277.27,57485.0,57177.02,57330.01,611.826617,2021-05-09 14:15:00
1620570600000,57330.0,57369.01,57188.01,57275.49,402.264551,2021-05-09 14:30:00
1620571500000,57275.49,57406.08,57111.41,57170.9,499.456343,2021-05-09 14:45:00
1620572400000,57170.9,57350.0,57000.0,57207.31,535.862004,2021-05-09 15:00:00
1620573300000,57207.31,57400.0,57207.31,57347.72,464.168384,2021-05-09 15:15:00
1620574200000,57347.71,57410.11,57200.29,57284.43,421.107386,2021-05-09 15:30:00
1620575100000,57284.44,57425.2,57281.56,57379.58,468.437582,2021-05-09 15:45:00
1620576000000,57379.58,57598.9,57300.01,57560.28,979.505131,2021-05-09 16:00:00
1620576900000,57560.27,57883.11,57559.99,57652.0,659.008695,2021-05-09 16:15:00
1620577800000,57652.0,57666.79,57518.11,57583.71,433.627026,2021-05-09 16:30:00
1620578700000,57583.72,57738.71,57470.56,57600.01,430.980101,2021-05-09 16:45:00
1620579600000,57600.0,57660.3,57377.0,57464.71,517.687857,2021-05-09 17:00:00
1620580500000,57464.7,57495.08,57333.99,57406.44,418.480685,2021-05-09 17:15:00
1620581400000,57406.44,57521.5,57262.51,57336.05,421.901303,2021-05-09 17:30:00
1620582300000,57336.04,57474.08,57314.63,57458.73,257.875963,2021-05-09 17:45:00
1620583200000,57458.73,57638.2,57381.62,57512.06,332.21374,2021-05-09 18:00:00
1620584100000,57512.06,57534.93,57352.46,57480.01,359.398554,2021-05-09 18:15:00
1620585000000,57480.0,57560.01,57199.8,57324.27,487.869573,2021-05-09 18:30:00
1620585900000,57324.27,57533.76,57271.82,57439.39,352.243509,2021-05-09 18:45:00
1620586800000,57441.61,57569.0,57361.57,57476.53,430.936967,2021-05-09 19:00:00
1620587700000,57476.52,57546.0,57048.96,57133.22,903.063381,2021-05-09 19:15:00
1620588600000,57126.59,57423.71,57094.28,57125.84,702.217576,2021-05-09 19:30:00
1620589500000,57125.83,57359.28,57080.52,57266.97,456.722721,2021-05-09 19:45:00
1620590400000,57266.97,57999.0,57179.18,57860.18,981.732893,2021-05-09 20:00:00
1620591300000,57860.18,57880.0,57627.97,57636.87,690.642691,2021-05-09 20:15:00
1620592200000,57633.91,57939.18,57589.01,57772.13,534.540018,2021-05-09 20:30:00
1620593100000,57772.14,57900.0,57739.0,57844.18,466.833055,2021-05-09 20:45:00
1620594000000,57844.18,57999.0,57828.56,57969.46,508.475107,2021-05-09 21:00:00
1620594900000,57971.58,57977.52,57778.85,57826.73,429.849645,2021-05-09 21:15:00
1620595800000,57830.27,58100.0,57804.5,58017.61,552.92242,2021-05-09 21:30:00
1620596700000,58014.7,58180.0,57991.49,58025.89,432.867738,2021-05-09 21:45:00
1620597600000,58025.88,58173.82,57968.43,58071.89,629.249193,2021-05-09 22:00:00
1620598500000,58071.31,58200.0,58052.53,58120.0,489.447824,2021-05-09 22:15:00
1620599400000,58119.99,58205.67,57921.06,57942.13,493.020218,2021-05-09 22:30:00
1620600300000,57942.13,58147.99,57850.0,57930.32,596.75706,2021-05-09 22:45:00
1620601200000,57930.31,58166.0,57929.84,58031.61,378.974693,2021-05-09 23:00:00
1620602100000,58031.6,58319.01,57957.0,58239.28,520.948598,2021-05-09 23:15:00
1620603000000,58239.28,58439.7,58222.0,58287.59,673.151724,2021-05-09 23:30:00
1620603900000,58287.59,58300.0,58092.23,58240.84,459.83085,2021-05-09 23:45:00
1620604800000,58240.83,58377.67,58065.46,58138.26,687.41132,2021-05-10 00:00:00
1620605700000,58138.26,58299.24,58009.96,58133.89,617.34183,2021-05-10 00:15:00
1620606600000,58133.9,58544.86,58120.52,58520.05,521.636578,2021-05-10 00:30:00
1620607500000,58520.06,58887.82,58457.98,58858.6,908.680569,2021-05-10 00:45:00
1620608400000,58858.6,58973.32,58661.56,58775.54,962.094473,2021-05-10 01:00:00
1620609300000,58775.63,58786.84,58656.45,58683.03,475.501132,2021-05-10 01:15:00
1620610200000,58683.04,58723.66,58610.16,58638.01,392.37764,2021-05-10 01:30:00
1620611100000,58638.0,58985.0,58638.0,58700.21,585.276901,2021-05-10 01:45:00
1620612000000,58699.99,58975.95,58695.8,58701.94,512.270395,2021-05-10 02:00:00
1620612900000,58701.94,58759.13,58650.39,58681.96,408.971321,2021-05-10 02:15:00
1620613800000,58681.96,58850.0,58670.61,58787.09,414.320179,2021-05-10 02:30:00
1620614700000,58787.09,59066.0,58784.15,58982.81,828.776219,2021-05-10 02:45:00
1620615600000,58978.95,59228.33,58929.33,59197.0,981.069883,2021-05-10 03:00:00
1620616500000,59196.99,59300.0,59126.02,59299.99,774.425977,2021-05-10 03:15:00
1620617400000,59299.99,59444.9,59160.99,59352.62,1152.770048,2021-05-10 03:30:00
1620618300000,59351.0,59418.36,59231.6,59356.76,682.284059,2021-05-10 03:45:00
1620619200000,59356.77,59500.0,59003.37,59060.26,1412.493966,2021-05-10 04:00:00
1620620100000,59059.96,59248.74,59034.49,59165.16,600.970024,2021-05-10 04:15:00
1620621000000,59165.17,59359.99,59077.29,59313.63,648.290034,2021-05-10 04:30:00
1620621900000,59313.63,59313.63,59150.9,59154.67,401.059259,2021-05-10 04:45:00
1620622800000,59154.67,59439.98,59154.66,59289.49,602.962287,2021-05-10 05:00:00
1620623700000,59292.79,59335.46,58731.94,58919.98,758.63478,2021-05-10 05:15:00
1620624600000,58919.97,58991.46,58680.26,58804.33,602.953925,2021-05-10 05:30:00
1620625500000,58805.83,59078.96,58796.01,59068.05,556.615243,2021-05-10 05:45:00
1620626400000,59068.66,59180.0,58929.45,59131.23,458.633638,2021-05-10 06:00:00
1620627300000,59131.23,59140.0,58760.77,58930.99,541.203514,2021-05-10 06:15:00
1620628200000,58930.99,58970.67,58800.0,58911.14,440.42985,2021-05-10 06:30:00
1620629100000,58911.13,58928.27,58755.0,58833.93,358.885796,2021-05-10 06:45:00
1620630000000,58833.92,58965.01,58658.0,58738.01,689.449321,2021-05-10 07:00:00
1620630900000,58738.0,58898.99,58731.0,58819.65,404.048319,2021-05-10 07:15:00
1620631800000,58819.65,58859.46,58667.93,58682.15,473.391022,2021-05-10 07:30:00
1620632700000,58682.16,58760.95,58355.79,58370.17,935.978901,2021-05-10 07:45:00
1620633600000,58370.17,58593.79,58100.0,58190.05,1184.310147,2021-05-10 08:00:00
1620634500000,58190.05,58349.0,58016.33,58271.14,823.601315,2021-05-10 08:15:00
1620635400000,58271.14,58465.0,58265.01,58424.0,517.067201,2021-05-10 08:30:00
1620636300000,58423.99,58434.67,58320.58,58372.87,373.414927,2021-05-10 08:45:00
1620637200000,58372.86,58573.54,58250.02,58302.74,575.24222,2021-05-10 09:00:00
1620638100000,58302.74,58334.0,58112.0,58127.59,753.028384,2021-05-10 09:15:00
1620639000000,58129.77,58153.64,57784.74,57813.36,1273.130843,2021-05-10 09:30:00
1620639900000,57813.35,58122.7,57736.46,57899.65,660.977989,2021-05-10 09:45:00
1620640800000,57899.65,58025.09,57653.0,57838.32,673.86987,2021-05-10 10:00:00
1620641700000,57838.32,58167.83,57837.0,58167.82,494.917636,2021-05-10 10:15:00
1620642600000,58167.82,58167.82,57858.58,58092.69,646.043018,2021-05-10 10:30:00
1620643500000,58092.68,58117.79,57550.0,57866.23,882.873676,2021-05-10 10:45:00
1620644400000,57866.24,57872.2,57511.96,57526.06,733.750023,2021-05-10 11:00:00
1620645300000,57522.11,57747.77,57301.81,57747.75,1364.948651,2021-05-10 11:15:00
1620646200000,57747.76,58210.0,57731.0,58177.76,926.257852,2021-05-10 11:30:00
1620647100000,58177.82,58300.0,57961.16,58070.63,599.649423,2021-05-10 11:45:00
1620648000000,58070.63,58231.46,57806.91,58015.99,712.107966,2021-05-10 12:00:00
1620648900000,58015.97,58090.67,57560.0,57790.45,939.90731,2021-05-10 12:15:00
1620649800000,57790.45,58209.07,57672.67,57895.28,910.101225,2021-05-10 12:30:00
1620650700000,57895.27,57895.28,57526.25,57654.57,938.719037,2021-05-10 12:45:00
1620651600000,57650.01,57938.12,57455.0,57880.01,1080.90896,2021-05-10 13:00:00
1620652500000,57880.01,57880.01,57554.39,57600.0,801.195747,2021-05-10 13:15:00
1620653400000,57599.99,57902.73,57480.26,57877.7,756.359748,2021-05-10 13:30:00
1620654300000,57877.71,57878.22,57511.4,57675.84,765.020052,2021-05-10 13:45:00
1620655200000,57675.84,57675.84,57191.96,57582.99,1228.778927,2021-05-10 14:00:00
1620656100000,57583.0,57589.5,57213.72,57250.27,857.505046,2021-05-10 14:15:00
1620657000000,57250.26,57519.99,57181.26,57497.36,909.240864,2021-05-10 14:30:00
1620657900000,57497.36,57497.36,56815.0,56831.59,1101.825877,2021-05-10 14:45:00
1620658800000,56831.59,57282.82,56700.0,57149.99,1760.176894,2021-05-10 15:00:00
1620659700000,57146.99,57441.2,57110.01,57366.89,907.319308,2021-05-10 15:15:00
1620660600000,57366.89,57394.33,57200.0,57260.65,907.866496,2021-05-10 15:30:00
1620661500000,57260.65,58320.0,57217.72,58296.36,1915.378539,2021-05-10 15:45:00
1620662400000,58296.35,58593.7,58123.86,58239.97,1492.731503,2021-05-10 16:00:00
1620663300000,58239.97,58350.57,58001.87,58009.65,829.404871,2021-05-10 16:15:00
1620664200000,58009.66,58085.19,57773.0,57818.85,827.518352,2021-05-10 16:30:00
1620665100000,57818.85,57882.16,57556.99,57572.32,1090.01168,2021-05-10 16:45:00
1620666000000,57572.32,57650.82,57425.0,57539.7,922.668757,2021-05-10 17:00:00
1620666900000,57539.69,57693.44,57315.58,57379.02,652.135408,2021-05-10 17:15:00
1620667800000,57379.02,57478.15,57089.01,57204.29,879.612671,2021-05-10 17:30:00
1620668700000,57204.29,57596.32,56849.75,56985.3,1630.98162,2021-05-10 17:45:00
1620669600000,56985.3,57195.32,56777.91,57052.87,911.176383,2021-05-10 18:00:00
1620670500000,57052.86,57052.86,56551.0,56729.2,1414.723132,2021-05-10 18:15:00
1620671400000,56729.19,56898.57,56388.26,56773.79,1206.868879,2021-05-10 18:30:00
1620672300000,56773.78,57063.35,56512.82,56771.88,885.875462,2021-05-10 18:45:00
1620673200000,56771.87,56977.48,56531.92,56958.51,966.382338,2021-05-10 19:00:00
1620674100000,56958.52,56969.43,56475.47,56511.41,1040.719692,2021-05-10 19:15:00
1620675000000,56511.41,56705.88,56000.0,56055.8,1660.946823,2021-05-10 19:30:00
1620675900000,56055.79,56355.55,55516.85,55733.76,2572.979129,2021-05-10 19:45:00
1620676800000,55733.76,55739.62,53400.0,54969.53,5540.818062,2021-05-10 20:00:00
1620677700000,54970.42,55636.51,54593.13,55087.18,2195.303029,2021-05-10 20:15:00
1620678600000,55087.17,55456.97,54819.86,55248.07,1637.351908,2021-05-10 20:30:00
1620679500000,55248.65,55463.9,54558.0,55240.88,2088.637083,2021-05-10 20:45:00
1620680400000,55246.69,55689.12,55027.18,55582.34,1089.879399,2021-05-10 21:00:00
1620681300000,55586.05,55589.0,55321.08,55371.37,686.362965,2021-05-10 21:15:00
1620682200000,55371.37,55843.09,55360.0,55764.94,561.130579,2021-05-10 21:30:00
1620683100000,55764.94,55796.68,55555.55,55641.11,676.869866,2021-05-10 21:45:00
1620684000000,55640.76,55938.92,55511.72,55916.17,893.698397,2021-05-10 22:00:00
1620684900000,55916.17,55989.0,55586.33,55766.88,766.803528,2021-05-10 22:15:00
1620685800000,55766.89,55766.89,55367.15,55636.36,772.2134,2021-05-10 22:30:00
1620686700000,55628.74,56269.89,55600.51,56229.93,944.502716,2021-05-10 22:45:00
1620687600000,56229.92,56230.12,55704.15,55831.96,826.211249,2021-05-10 23:00:00
1620688500000,55831.97,55976.81,55579.42,55674.53,807.583585,2021-05-10 23:15:00
1620689400000,55670.01,56139.43,55418.98,55872.4,877.719022,2021-05-10 23:30:00
1620690300000,55872.39,55986.22,55704.91,55816.14,469.824188,2021-05-10 23:45:00
1620691200000,55816.14,55988.86,55471.62,55539.09,881.373741,2021-05-11 00:00:00
1620692100000,55537.3,56435.48,55439.72,56365.79,999.762264,2021-05-11 00:15:00
1620693000000,56365.79,56419.33,55921.96,55995.14,826.362093,2021-05-11 00:30:00
1620693900000,55993.15,56067.19,55429.99,55460.08,847.040547,2021-05-11 00:45:00
1620694800000,55453.39,55815.29,55064.13,55199.43,1275.957342,2021-05-11 01:00:00
1620695700000,55200.01,55590.51,55130.79,55314.15,853.182015,2021-05-11 01:15:00
1620696600000,55314.16,55702.34,55202.01,55682.07,817.67476,2021-05-11 01:30:00
1620697500000,55682.06,55692.0,55461.44,55565.33,658.017495,2021-05-11 01:45:00
1620698400000,55565.33,55612.23,55201.1,55490.78,682.034865,2021-05-11 02:00:00
1620699300000,55490.78,55942.26,55490.78,55789.58,804.471997,2021-05-11 02:15:00
1620700200000,55790.79,55823.58,55093.49,55322.97,801.310588,2021-05-11 02:30:00
1620701100000,55322.97,55326.31,54505.0,54600.0,1329.925433,2021-05-11 02:45:00
1620702000000,54600.0,54981.8,54370.0,54751.38,1016.327849,2021-05-11 03:00:00
1620702900000,54751.03,54912.47,54572.26,54795.9,851.809372,2021-05-11 03:15:00
1620703800000,54795.9,55200.46,54715.51,55142.12,966.315935,2021-05-11 03:30:00
1620704700000,55142.11,55283.68,54941.23,55142.46,676.312719,2021-05-11 03:45:00
1620705600000,55142.44,55433.66,54986.47,55344.86,761.306926,2021-05-11 04:00:00
1620706500000,55344.87,55545.69,55315.34,55507.12,744.049817,2021-05-11 04:15:00
1620707400000,55507.13,55509.99,55300.0,55326.65,562.212393,2021-05-11 04:30:00
1620708300000,55333.3,55404.73,55060.77,55337.04,578.775664,2021-05-11 04:45:00
1620709200000,55337.03,55484.36,55079.0,55226.97,524.628798,2021-05-11 05:00:00
1620710100000,55226.96,55399.95,54950.98,55101.04,601.916566,2021-05-11 05:15:00
1620711000000,55101.04,55101.04,54589.0,54690.76,672.727006,2021-05-11 05:30:00
1620711900000,54690.77,55130.46,54679.59,54798.0,545.977426,2021-05-11 05:45:00
1620712800000,54788.6,55118.89,54721.89,55063.62,578.686849,2021-05-11 06:00:00
1620713700000,55063.63,55247.21,54963.28,55150.01,564.208183,2021-05-11 06:15:00
1620714600000,55150.01,55523.35,55150.01,55366.14,585.650418,2021-05-11 06:30:00
1620715500000,55366.14,55800.0,55366.14,55677.12,819.787608,2021-05-11 06:45:00
1620716400000,55677.12,55846.9,55533.82,55640.38,562.439769,2021-05-11 07:00:00
1620717300000,55640.38,55766.69,55436.16,55502.43,444.172682,2021-05-11 07:15:00
1620718200000,55502.43,55649.45,55423.72,55450.98,424.867059,2021-05-11 07:30:00
1620719100000,55450.98,55795.36,55421.84,55740.09,529.012449,2021-05-11 07:45:00
1620720000000,55737.89,55893.9,55573.2,55620.63,711.936473,2021-05-11 08:00:00
1620720900000,55620.63,55623.32,55256.42,55352.5,1119.020895,2021-05-11 08:15:00
1620721800000,55352.49,55498.96,55228.38,55391.64,694.877906,2021-05-11 08:30:00
1620722700000,55391.64,55603.91,55153.14,55341.27,611.226712,2021-05-11 08:45:00
1620723600000,55341.28,55570.88,55315.49,55520.0,537.413559,2021-05-11 09:00:00
1620724500000,55520.0,55737.97,55450.0,55454.57,693.530611,2021-05-11 09:15:00
1620725400000,55454.57,55777.0,55441.42,55715.52,464.961819,2021-05-11 09:30:00
1620726300000,55715.52,56027.63,55562.63,55901.15,877.320763,2021-05-11 09:45:00
1620727200000,55901.14,56085.09,55841.33,55999.21,823.120921,2021-05-11 10:00:00
1620728100000,55999.2,56190.0,55939.2,56054.24,679.819304,2021-05-11 10:15:00
1620729000000,56054.24,56128.67,55779.33,55848.31,605.068981,2021-05-11 10:30:00
1620729900000,55848.3,55908.12,55733.45,55841.78,449.374781,2021-05-11 10:45:00
1620730800000,55841.79,55963.86,55605.88,55670.0,572.779082,2021-05-11 11:00:00
1620731700000,55670.01,55963.14,55631.8,55951.98,526.64993,2021-05-11 11:15:00
1620732600000,55951.98,55951.99,55505.21,55551.17,628.668503,2021-05-11 11:30:00
1620733500000,55551.17,55640.01,55125.71,55210.47,1004.600858,2021-05-11 11:45:00
1620734400000,55210.47,55302.31,55000.53,55248.14,928.918939,2021-05-11 12:00:00
1620735300000,55248.15,55264.27,54864.07,54937.27,1062.980664,2021-05-11 12:15:00
1620736200000,54937.26,55214.12,54766.44,55199.83,923.886351,2021-05-11 12:30:00
1620737100000,55199.83,55418.8,55156.19,55374.08,947.151511,2021-05-11 12:45:00
1620738000000,55374.08,55718.69,55370.11,55459.9,925.337315,2021-05-11 13:00:00
1620738900000,55459.9,55602.72,54929.74,54995.6,989.516641,2021-05-11 13:15:00
1620739800000,54991.55,55379.05,54875.0,55326.9,891.942576,2021-05-11 13:30:00
1620740700000,55326.89,55760.01,55220.56,55750.0,1073.085243,2021-05-11 13:45:00
1620741600000,55750.0,55852.53,55485.14,55800.6,894.740839,2021-05-11 14:00:00
1620742500000,55800.61,55885.77,55665.6,55851.6,709.855641,2021-05-11 14:15:00
1620743400000,55851.6,55861.16,55555.55,55799.96,738.893583,2021-05-11 14:30:00
1620744300000,55799.95,55859.48,55525.43,55688.0,776.343325,2021-05-11 14:45:00
1620745200000,55688.0,55906.37,55545.28,55873.41,764.154019,2021-05-11 15:00:00
1620746100000,55873.41,56142.01,55787.96,56085.55,982.105346,2021-05-11 15:15:00
1620747000000,56085.56,56150.0,55851.72,55885.26,554.855772,2021-05-11 15:30:00
1620747900000,55885.27,56176.0,55839.38,56052.82,731.547324,2021-05-11 15:45:00
1620748800000,56052.83,56553.42,55831.17,56178.39,1373.096256,2021-05-11 16:00:00
1620749700000,56178.39,56382.08,56063.0,56206.0,757.830685,2021-05-11 16:15:00
1620750600000,56205.99,56237.25,55860.93,55871.41,726.731169,2021-05-11 16:30:00
1620751500000,55871.4,56089.6,55750.0,55999.69,635.371164,2021-05-11 16:45:00
1620752400000,55999.68,56229.18,55927.27,56100.93,557.248231,2021-05-11 17:00:00
1620753300000,56100.93,56450.0,55950.62,56427.59,664.691021,2021-05-11 17:15:00
1620754200000,56427.58,56500.0,56246.97,56396.05,536.67596,2021-05-11 17:30:00
1620755100000,56396.05,56468.35,56265.3,56395.1,455.241914,2021-05-11 17:45:00
1620756000000,56395.09,56558.45,56331.04,56479.03,484.143399,2021-05-11 18:00:00
1620756900000,56479.03,56690.0,56373.7,56679.91,558.527924,2021-05-11 18:15:00
1620757800000,56679.91,56684.27,56411.39,56498.98,520.607349,2021-05-11 18:30:00
1620758700000,56498.98,56502.93,56249.38,56383.66,471.976296,2021-05-11 18:45:00
1620759600000,56383.66,56693.86,56330.3,56349.17,460.507537,2021-05-11 19:00:00
1620760500000,56349.17,56789.88,56349.17,56748.35,565.144275,2021-05-11 19:15:00
1620761400000,56753.64,56850.0,56617.12,56669.21,486.474159,2021-05-11 19:30:00
1620762300000,56669.21,56669.21,56493.46,56608.94,368.266578,2021-05-11 19:45:00
1620763200000,56608.93,56689.11,56464.73,56648.94,390.845576,2021-05-11 20:00:00
1620764100000,56648.93,56800.07,56619.94,56726.95,511.629331,2021-05-11 20:15:00
1620765000000,56726.95,56848.9,56665.38,56694.5,401.393119,2021-05-11 20:30:00
1620765900000,56694.5,56850.0,56650.0,56806.34,325.166662,2021-05-11 20:45:00
1620766800000,56806.35,56862.43,56660.0,56694.0,343.078724,2021-05-11 21:00:00
1620767700000,56694.0,56729.09,56570.0,56576.7,324.852141,2021-05-11 21:15:00
1620768600000,56579.17,56768.39,56517.05,56535.74,388.342386,2021-05-11 21:30:00
1620769500000,56524.32,56618.35,56288.43,56510.26,447.750192,2021-05-11 21:45:00
1620770400000,56510.26,56654.71,56371.48,56494.03,416.599954,2021-05-11 22:00:00
1620771300000,56494.02,56560.0,56307.43,56523.32,360.633134,2021-05-11 22:15:00
1620772200000,56523.32,56616.36,56428.52,56487.53,350.550658,2021-05-11 22:30:00
1620773100000,56487.53,56523.96,56336.59,56399.99,324.969244,2021-05-11 22:45:00
1620774000000,56399.99,56593.27,56347.05,56420.4,339.830745,2021-05-11 23:00:00
1620774900000,56420.4,56480.09,56267.38,56300.0,318.173349,2021-05-11 23:15:00
1620775800000,56299.99,56560.7,56168.98,56482.65,377.162786,2021-05-11 23:30:00
1620776700000,56482.65,56767.96,56477.94,56670.02,402.043817,2021-05-11 23:45:00
1620777600000,56670.02,57200.0,56555.12,56999.97,1148.996288,2021-05-12 00:00:00
1620778500000,56999.98,57029.31,56736.38,56972.64,621.446191,2021-05-12 00:15:00
1620779400000,56969.99,57360.0,56927.2,57081.75,768.171824,2021-05-12 00:30:00
1620780300000,57081.75,57360.07,57037.07,57348.95,628.29275,2021-05-12 00:45:00
1620781200000,57344.48,57360.0,57111.0,57236.6,505.83252,2021-05-12 01:00:00
1620782100000,57233.74,57233.75,57060.82,57072.72,470.887713,2021-05-12 01:15:00
1620783000000,57072.73,57145.0,56980.81,57120.01,573.625579,2021-05-12 01:30:00
1620783900000,57120.0,57120.01,56924.37,57033.35,468.444253,2021-05-12 01:45:00
1620784800000,57033.35,57078.03,56932.83,56993.17,390.412209,2021-05-12 02:00:00
1620785700000,56993.17,57337.81,56982.77,57225.79,626.046955,2021-05-12 02:15:00
1620786600000,57225.79,57287.46,56972.95,57067.72,638.874693,2021-05-12 02:30:00
1620787500000,57069.99,57174.58,56938.78,57172.94,580.394139,2021-05-12 02:45:00
1620788400000,57170.2,57256.77,56937.78,57240.98,569.271187,2021-05-12 03:00:00
1620789300000,57240.98,57250.01,57011.19,57250.0,435.089636,2021-05-12 03:15:00
1620790200000,57250.0,57698.91,57142.22,57610.11,1171.577476,2021-05-12 03:30:00
1620791100000,57610.28,57872.18,57610.28,57756.94,1134.866149,2021-05-12 03:45:00
1620792000000,57756.95,58000.01,57680.03,57914.06,1184.617599,2021-05-12 04:00:00
1620792900000,57923.96,57980.0,57627.32,57678.84,452.44237,2021-05-12 04:15:00
1620793800000,57680.79,57699.17,57346.88,57410.98,564.709016,2021-05-12 04:30:00
1620794700000,57410.98,57473.84,57284.82,57355.3,500.504629,2021-05-12 04:45:00
1620795600000,57355.29,57500.0,57233.0,57412.96,633.882513,2021-05-12 05:00:00
1620796500000,57412.97,57504.65,57316.0,57410.48,389.529754,2021-05-12 05:15:00
1620797400000,57410.48,57476.22,57282.82,57328.74,373.082127,2021-05-12 05:30:00
1620798300000,57328.75,57378.55,57160.01,57227.98,552.243637,2021-05-12 05:45:00
1620799200000,57227.98,57366.92,57066.72,57191.55,519.666509,2021-05-12 06:00:00
1620800100000,57195.71,57247.67,56925.42,57103.18,975.879302,2021-05-12 06:15:00
1620801000000,57103.18,57231.87,57094.27,57129.54,382.966263,2021-05-12 06:30:00
1620801900000,57129.54,57220.26,56900.0,57009.55,638.59234,2021-05-12 06:45:00
1620802800000,57011.67,57190.88,56990.28,57074.68,492.427887,2021-05-12 07:00:00
1620803700000,57074.69,57250.0,57074.68,57205.2,497.711198,2021-05-12 07:15:00
1620804600000,57205.2,57205.6,57024.72,57049.04,385.344337,2021-05-12 07:30:00
1620805500000,57049.03,57183.63,56882.0,57101.07,539.860303,2021-05-12 07:45:00
1620806400000,57101.08,57180.0,56735.0,56828.58,691.293329,2021-05-12 08:00:00
1620807300000,56828.58,56973.68,56611.12,56620.58,781.162262,2021-05-12 08:15:00
1620808200000,56620.58,56883.09,56611.0,56737.41,651.390572,2021-05-12 08:30:00
1620809100000,56736.41,56916.16,56580.0,56912.77,1208.965831,2021-05-12 08:45:00
1620810000000,56912.77,56923.92,56749.73,56867.0,560.231498,2021-05-12 09:00:00
1620810900000,56866.99,56893.75,56730.0,56865.3,400.708521,2021-05-12 09:15:00
1620811800000,56865.29,57100.0,56831.22,57063.21,595.794234,2021-05-12 09:30:00
1620812700000,57062.7,57195.5,56824.62,56855.43,606.362414,2021-05-12 09:45:00
1620813600000,56855.42,56861.01,56302.09,56303.84,1052.413655,2021-05-12 10:00:00
1620814500000,56303.84,56550.01,56256.0,56387.96,845.008778,2021-05-12 10:15:00
1620815400000,56387.97,56439.09,55998.68,56052.97,1216.884996,2021-05-12 10:30:00
1620816300000,56050.2,56205.58,55950.45,56026.83,789.262667,2021-05-12 10:45:00
1620817200000,56026.83,56221.88,55967.13,56070.29,742.685331,2021-05-12 11:00:00
1620818100000,56070.29,56338.19,56040.0,56174.66,743.970015,2021-05-12 11:15:00
1620819000000,56174.66,56406.06,56131.56,56366.07,586.801814,2021-05-12 11:30:00
1620819900000,56366.08,56517.22,56324.16,56421.46,648.95813,2021-05-12 11:45:00
1620820800000,56421.45,56577.46,56203.55,56418.13,615.574613,2021-05-12 12:00:00
1620821700000,56415.3,56615.45,56353.02,56604.56,485.870111,2021-05-12 12:15:00
1620822600000,56604.55,56604.55,56164.0,56359.18,1025.587982,2021-05-12 12:30:00
1620823500000,56359.19,56529.45,56235.55,56316.76,596.530082,2021-05-12 12:45:00
1620824400000,56316.76,56397.06,56057.97,56128.73,632.14568,2021-05-12 13:00:00
1620825300000,56128.73,56228.3,55700.0,55875.51,1186.519292,2021-05-12 13:15:00
1620826200000,55875.5,56370.9,55765.59,56357.5,975.402202,2021-05-12 13:30:00
1620827100000,56357.82,56850.0,56327.76,56760.11,1202.48376,2021-05-12 13:45:00
1620828000000,56760.1,56760.11,56505.58,56625.99,735.225912,2021-05-12 14:00:00
1620828900000,56625.99,56900.0,56548.74,56712.96,940.883407,2021-05-12 14:15:00
1620829800000,56710.78,56812.99,56467.21,56467.22,802.139754,2021-05-12 14:30:00
1620830700000,56467.22,56467.22,56000.0,56073.03,1163.123308,2021-05-12 14:45:00
1620831600000,56073.04,56126.29,55560.85,55854.73,1509.373088,2021-05-12 15:00:00
1620832500000,55854.73,55968.43,55415.0,55592.07,1444.366864,2021-05-12 15:15:00
1620833400000,55592.08,55788.9,55232.56,55788.89,1682.832844,2021-05-12 15:30:00
1620834300000,55788.89,55788.89,55347.82,55479.13,1224.956952,2021-05-12 15:45:00
1620835200000,55479.13,55677.31,55056.05,55193.93,1380.68949,2021-05-12 16:00:00
1620836100000,55190.69,55200.48,54700.0,55071.51,1974.590819,2021-05-12 16:15:00
1620837000000,55071.51,55170.79,54503.04,54601.01,1597.279556,2021-05-12 16:30:00
1620837900000,54601.0,55025.34,54392.74,55013.01,1491.097311,2021-05-12 16:45:00
1620838800000,55013.01,55329.3,54955.84,55135.66,1059.180533,2021-05-12 17:00:00
1620839700000,55135.66,55135.67,54687.05,55044.92,858.848289,2021-05-12 17:15:00
1620840600000,55052.37,55196.73,54900.02,55041.07,558.425261,2021-05-12 17:30:00
1620841500000,55041.07,55059.89,54764.94,54865.13,525.553231,2021-05-12 17:45:00
1620842400000,54863.94,55144.98,54500.0,54550.03,1203.900552,2021-05-12 18:00:00
1620843300000,54550.02,54569.61,54011.0,54369.18,1635.094664,2021-05-12 18:15:00
1620844200000,54369.19,54375.19,53576.3,54131.34,2368.021329,2021-05-12 18:30:00
1620845100000,54125.29,54360.49,53868.24,54082.52,1132.634679,2021-05-12 18:45:00
1620846000000,54082.52,54083.94,53500.0,53646.62,1467.008956,2021-05-12 19:00:00
1620846900000,53653.19,54402.37,53501.04,54114.0,1278.891927,2021-05-12 19:15:00
1620847800000,54114.01,54486.47,53879.63,54450.0,981.200055,2021-05-12 19:30:00
1620848700000,54450.0,54526.3,54169.5,54432.39,851.042406,2021-05-12 19:45:00
1620849600000,54437.0,54481.35,54195.39,54253.48,726.089759,2021-05-12 20:00:00
1620850500000,54253.48,54321.0,53983.05,54022.81,596.058387,2021-05-12 20:15:00
1620851400000,54022.81,54660.17,53989.24,54505.81,692.36784,2021-05-12 20:30:00
1620852300000,54506.69,54515.36,54303.8,54420.14,571.429196,2021-05-12 20:45:00
1620853200000,54420.14,54530.29,54300.0,54516.4,394.910502,2021-05-12 21:00:00
1620854100000,54516.41,54751.92,54489.24,54716.86,575.920005,2021-05-12 21:15:00
1620855000000,54716.86,54736.2,54404.68,54543.15,446.574487,2021-05-12 21:30:00
1620855900000,54541.37,54628.29,54324.64,54533.16,474.535719,2021-05-12 21:45:00
1620856800000,54533.16,54746.82,52000.0,52608.36,4103.915827,2021-05-12 22:00:00
1620857700000,52608.36,53261.82,52450.0,52748.44,3030.917476,2021-05-12 22:15:00
1620858600000,52749.84,52800.0,51563.19,52317.45,3535.115634,2021-05-12 22:30:00
1620859500000,52312.98,52983.95,52130.5,52942.79,2172.52118,2021-05-12 22:45:00
1620860400000,52938.97,52950.55,52344.0,52663.16,1611.454864,2021-05-12 23:00:00
1620861300000,52663.16,52781.99,51277.0,51591.42,2581.914741,2021-05-12 23:15:00
1620862200000,51585.04,52100.0,50500.0,51203.71,4358.96814,2021-05-12 23:30:00
1620863100000,51203.71,51500.0,48600.0,49631.32,5446.037777,2021-05-12 23:45:00
1620864000000,49537.15,49689.0,46000.0,48281.59,8425.351426,2021-05-13 00:00:00
1620864900000,48281.59,50244.0,47843.66,49724.77,3939.795951,2021-05-13 00:15:00
1620865800000,49711.83,50630.0,49578.94,49896.61,5110.913916,2021-05-13 00:30:00
1620866700000,49896.15,50324.72,49581.44,49666.99,2389.9691,2021-05-13 00:45:00
1620867600000,49661.12,50600.0,49305.43,50191.47,3869.211034,2021-05-13 01:00:00
1620868500000,50191.47,50437.86,49972.44,50324.12,2755.398561,2021-05-13 01:15:00
1620869400000,50314.99,50374.48,49665.94,49889.82,2116.566505,2021-05-13 01:30:00
1620870300000,49889.82,50530.28,49875.75,50522.52,1347.79845,2021-05-13 01:45:00
1620871200000,50522.52,50698.51,50252.37,50674.71,2037.794122,2021-05-13 02:00:00
1620872100000,50674.71,50829.98,50302.99,50382.98,1412.499197,2021-05-13 02:15:00
1620873000000,50382.98,50500.0,50000.0,50408.4,1302.053798,2021-05-13 02:30:00
1620873900000,50408.41,50565.65,50150.57,50255.84,1825.131061,2021-05-13 02:45:00
1620874800000,50257.78,50257.78,49555.0,49793.09,1947.084858,2021-05-13 03:00:00
1620875700000,49786.5,50117.64,49719.78,49801.23,1307.558737,2021-05-13 03:15:00
1620876600000,49798.36,50047.74,49545.01,49565.0,1551.782298,2021-05-13 03:30:00
1620877500000,49573.26,50490.09,49544.0,50461.99,1447.11787,2021-05-13 03:45:00
1620878400000,50461.99,50986.22,50380.3,50910.08,1824.871636,2021-05-13 04:00:00
1620879300000,50910.08,50961.98,50685.25,50921.01,784.67278,2021-05-13 04:15:00
1620880200000,50921.01,50921.01,50527.83,50606.3,1075.397123,2021-05-13 04:30:00
1620881100000,50606.29,50645.34,50282.0,50445.87,1062.343559,2021-05-13 04:45:00
1620882000000,50445.87,50890.0,50444.0,50822.83,891.023609,2021-05-13 05:00:00
1620882900000,50822.83,51076.41,50764.16,51051.72,1031.705191,2021-05-13 05:15:00
1620883800000,51051.73,51063.46,50860.16,51044.26,978.708418,2021-05-13 05:30:00
1620884700000,51044.27,51056.76,50799.9,50884.09,855.611681,2021-05-13 05:45:00
1620885600000,50884.09,51247.05,50813.05,51022.45,1179.634753,2021-05-13 06:00:00
1620886500000,51022.45,51138.96,50817.29,50842.29,745.8905,2021-05-13 06:15:00
1620887400000,50845.04,51063.22,50760.42,51061.39,706.454181,2021-05-13 06:30:00
1620888300000,51061.38,51335.0,51001.85,51332.74,1356.403466,2021-05-13 06:45:00
1620889200000,51332.74,51367.19,51100.0,51291.08,1056.147976,2021-05-13 07:00:00
1620890100000,51291.08,51299.57,50943.64,50947.68,771.699865,2021-05-13 07:15:00
1620891000000,50947.67,51000.0,50605.38,50717.42,1104.252093,2021-05-13 07:30:00
1620891900000,50717.43,50891.79,50707.25,50879.72,699.95716,2021-05-13 07:45:00
1620892800000,50879.73,50950.0,50354.36,50357.0,1169.20935,2021-05-13 08:00:00
1620893700000,50356.99,50610.0,50205.35,50476.23,1114.807453,2021-05-13 08:15:00
1620894600000,50478.7,50674.99,50265.42,50285.64,749.069012,2021-05-13 08:30:00
1620895500000,50285.64,50424.54,49938.44,50015.82,1583.55901,2021-05-13 08:45:00
1620896400000,50015.83,50354.28,49885.74,49938.97,1490.372069,2021-05-13 09:00:00
1620897300000,49935.36,50350.0,49688.01,49757.81,1683.549243,2021-05-13 09:15:00
1620898200000,49757.81,50086.74,49462.83,49552.89,2245.441235,2021-05-13 09:30:00
1620899100000,49552.89,49669.27,48747.89,49212.91,3204.153924,2021-05-13 09:45:00
1620900000000,49212.92,49995.15,49200.01,49968.03,2208.998399,2021-05-13 10:00:00
1620900900000,49968.02,50243.61,49448.84,49692.84,2599.851154,2021-05-13 10:15:00
1620901800000,49692.84,49698.36,49211.11,49336.08,2089.334559,2021-05-13 10:30:00
1620902700000,49336.07,49752.98,48901.0,49171.76,1884.141781,2021-05-13 10:45:00
1620903600000,49176.56,49273.06,48457.12,48907.11,2393.93701,2021-05-13 11:00:00
1620904500000,48908.64,49444.62,48900.0,49422.44,1379.403043,2021-05-13 11:15:00
1620905400000,49422.43,49840.56,49392.06,49721.74,1354.566731,2021-05-13 11:30:00
1620906300000,49721.73,49909.8,49520.33,49777.01,1004.280083,2021-05-13 11:45:00
1620907200000,49777.01,50273.42,49528.46,50066.61,1284.275573,2021-05-13 12:00:00
1620908100000,50066.61,50400.0,50008.57,50272.15,1428.45875,2021-05-13 12:15:00
1620909000000,50269.64,50275.44,49944.92,50078.1,1011.916758,2021-05-13 12:30:00
1620909900000,50078.09,50320.0,49920.68,50158.05,864.519622,2021-05-13 12:45:00
1620910800000,50159.29,50448.16,50000.0,50080.59,1044.924096,2021-05-13 13:00:00
1620911700000,50080.6,50080.6,49594.0,49970.6,1122.384063,2021-05-13 13:15:00
1620912600000,49970.6,50578.9,49970.59,50339.24,1040.02332,2021-05-13 13:30:00
1620913500000,50342.78,50585.52,50264.34,50500.0,763.160456,2021-05-13 13:45:00
1620914400000,50500.01,50884.34,50371.98,50763.42,1167.194414,2021-05-13 14:00:00
1620915300000,50763.42,50767.88,50435.84,50521.88,758.676584,2021-05-13 14:15:00
1620916200000,50521.88,50650.0,50264.34,50289.46,1034.658992,2021-05-13 14:30:00
1620917100000,50289.46,50472.37,50207.56,50288.69,792.381223,2021-05-13 14:45:00
1620918000000,50288.68,50394.2,49830.0,49976.05,1355.332986,2021-05-13 15:00:00
1620918900000,49983.26,50248.95,49900.0,49935.27,1003.341007,2021-05-13 15:15:00
1620919800000,49939.31,50199.55,49666.0,49738.15,1187.725664,2021-05-13 15:30:00
1620920700000,49738.14,49949.75,49458.68,49627.64,1432.383596,2021-05-13 15:45:00
1620921600000,49627.63,50192.11,49614.44,49942.95,1339.237946,2021-05-13 16:00:00
1620922500000,49942.95,50429.99,49942.94,50301.61,1194.663311,2021-05-13 16:15:00
1620923400000,50301.61,50326.69,49509.31,49546.34,807.154006,2021-05-13 16:30:00
1620924300000,49546.34,49546.35,48434.2,48635.4,2666.142602,2021-05-13 16:45:00
1620925200000,48635.65,48853.53,47970.01,48185.52,3050.88235,2021-05-13 17:00:00
1620926100000,48185.51,48888.0,47300.0,47511.76,2754.897825,2021-05-13 17:15:00
1620927000000,47523.03,47984.85,47000.0,47800.0,3636.799523,2021-05-13 17:30:00
1620927900000,47800.0,48528.45,47799.99,48465.11,2188.160481,2021-05-13 17:45:00
1620928800000,48465.11,48964.41,48200.0,48824.77,1605.047604,2021-05-13 18:00:00
1620929700000,48818.06,48889.17,48129.74,48426.84,1431.300691,2021-05-13 18:15:00
1620930600000,48426.0,48701.27,47672.59,47783.28,1761.419605,2021-05-13 18:30:00
1620931500000,47783.28,48500.0,47701.0,47844.04,1577.545251,2021-05-13 18:45:00
1620932400000,47844.04,48668.0,47832.38,48641.36,1560.209662,2021-05-13 19:00:00
1620933300000,48641.37,49035.78,48292.65,48856.98,1188.369406,2021-05-13 19:15:00
1620934200000,48856.98,49384.2,48834.9,49264.99,1231.024361,2021-05-13 19:30:00
1620935100000,49274.41,49275.33,48521.0,48568.85,944.342078,2021-05-13 19:45:00
1620936000000,48569.97,49222.22,48367.56,49219.9,1339.33722,2021-05-13 20:00:00
1620936900000,49219.73,49437.86,48889.1,49070.64,1085.539525,2021-05-13 20:15:00
1620937800000,49074.84,49403.95,49035.85,49253.99,890.969884,2021-05-13 20:30:00
1620938700000,49257.0,49450.0,49055.0,49304.15,758.030504,2021-05-13 20:45:00
1620939600000,49304.11,49770.0,49000.0,49760.83,759.102862,2021-05-13 21:00:00
1620940500000,49754.57,49841.63,49552.73,49653.83,617.186864,2021-05-13 21:15:00
1620941400000,49654.11,49716.82,49353.0,49457.95,527.914426,2021-05-13 21:30:00
1620942300000,49462.65,49866.03,49222.22,49564.94,688.960901,2021-05-13 21:45:00
1620943200000,49564.93,49590.59,49009.14,49041.61,716.94747,2021-05-13 22:00:00
1620944100000,49041.2,49430.0,49005.02,49322.44,670.981716,2021-05-13 22:15:00
1620945000000,49324.38,49879.77,49324.38,49671.5,858.607499,2021-05-13 22:30:00
1620945900000,49676.45,49797.98,48838.38,48857.72,1325.03526,2021-05-13 22:45:00
1620946800000,48857.76,49141.07,48350.0,49100.2,1463.801705,2021-05-13 23:00:00
1620947700000,49100.19,49346.47,48726.0,49147.0,877.080642,2021-05-13 23:15:00
1620948600000,49146.99,49567.14,48959.34,49421.24,765.457581,2021-05-13 23:30:00
1620949500000,49431.41,49759.1,49320.76,49670.97,693.019325,2021-05-13 23:45:00
1620950400000,49671.92,50169.09,49479.77,50113.23,1671.95928,2021-05-14 00:00:00
1620951300000,50113.22,50126.92,49730.61,49743.41,847.380059,2021-05-14 00:15:00
1620952200000,49744.49,50081.57,49709.19,49885.35,961.373756,2021-05-14 00:30:00
1620953100000,49885.36,50241.19,49787.89,50029.78,989.923018,2021-05-14 00:45:00
1620954000000,50029.77,50276.98,49855.09,50266.97,918.754239,2021-05-14 01:00:00
1620954900000,50266.98,50390.7,50080.0,50182.42,844.476134,2021-05-14 01:15:00
1620955800000,50182.42,50236.15,49960.15,50115.44,519.735174,2021-05-14 01:30:00
1620956700000,50115.43,50275.85,49928.29,50015.76,970.83842,2021-05-14 01:45:00
1620957600000,50019.56,50070.68,49591.52,49624.0,855.063619,2021-05-14 02:00:00
1620958500000,49624.01,49751.62,49414.5,49492.23,934.858897,2021-05-14 02:15:00
1620959400000,49492.23,49748.73,49488.28,49609.7,729.915307,2021-05-14 02:30:00
1620960300000,49609.71,49715.53,49433.79,49464.64,624.326937,2021-05-14 02:45:00
1620961200000,49464.63,49663.18,49363.63,49412.98,690.069133,2021-05-14 03:00:00
1620962100000,49409.65,49631.73,49271.77,49547.44,708.383421,2021-05-14 03:15:00
1620963000000,49547.43,49547.43,49210.54,49360.33,553.019084,2021-05-14 03:30:00
1620963900000,49360.34,49424.12,49021.01,49157.93,843.025939,2021-05-14 03:45:00
1620964800000,49157.94,49520.37,49000.06,49450.0,907.38331,2021-05-14 04:00:00
1620965700000,49449.99,49540.09,49203.83,49256.14,729.39812,2021-05-14 04:15:00
1620966600000,49261.9,49499.19,48799.75,48848.99,1346.779006,2021-05-14 04:30:00
1620967500000,48848.99,49290.99,48848.98,49198.86,948.479408,2021-05-14 04:45:00
1620968400000,49195.17,49469.16,49042.29,49458.45,591.336546,2021-05-14 05:00:00
1620969300000,49458.46,49480.52,49163.09,49300.04,590.101578,2021-05-14 05:15:00
1620970200000,49300.04,49380.56,49100.0,49328.55,593.362435,2021-05-14 05:30:00
1620971100000,49328.56,49736.84,49328.55,49653.44,901.658713,2021-05-14 05:45:00
1620972000000,49649.77,49706.55,49289.6,49320.0,703.629937,2021-05-14 06:00:00
1620972900000,49319.99,49354.79,48928.97,49002.82,1017.115187,2021-05-14 06:15:00
1620973800000,49002.76,49212.29,48862.56,48953.72,872.05417,2021-05-14 06:30:00
1620974700000,48954.64,49150.0,48869.0,49056.83,855.638338,2021-05-14 06:45:00
1620975600000,49056.83,49850.0,49050.0,49840.58,1088.386639,2021-05-14 07:00:00
1620976500000,49840.57,50097.91,49682.23,49915.38,1062.24836,2021-05-14 07:15:00
1620977400000,49922.0,50286.26,49829.0,49913.11,1291.615147,2021-05-14 07:30:00
1620978300000,49913.12,50100.6,49904.07,49987.2,734.922834,2021-05-14 07:45:00
1620979200000,49987.19,50420.17,49880.0,50273.23,1018.181002,2021-05-14 08:00:00
1620980100000,50275.37,50300.0,49999.94,50135.88,913.418074,2021-05-14 08:15:00
1620981000000,50135.88,50342.99,50047.4,50236.23,716.056084,2021-05-14 08:30:00
1620981900000,50236.22,50413.7,50222.58,50365.98,789.540098,2021-05-14 08:45:00
1620982800000,50365.97,50601.11,50140.1,50554.43,1021.895591,2021-05-14 09:00:00
1620983700000,50554.43,50745.51,50400.0,50625.34,982.557001,2021-05-14 09:15:00
1620984600000,50622.32,50800.0,50514.2,50728.48,1000.259778,2021-05-14 09:30:00
1620985500000,50728.47,50730.62,50400.0,50413.21,1032.894186,2021-05-14 09:45:00
1620986400000,50413.21,50500.0,50213.0,50395.71,1141.085744,2021-05-14 10:00:00
1620987300000,50395.7,50499.96,50237.82,50368.93,642.034153,2021-05-14 10:15:00
1620988200000,50367.35,50473.57,50276.0,50420.0,599.564078,2021-05-14 10:30:00
1620989100000,50419.99,50767.39,50418.6,50720.34,1579.979048,2021-05-14 10:45:00
1620990000000,50720.34,50958.32,50552.78,50813.07,1276.804551,2021-05-14 11:00:00
1620990900000,50813.06,50830.9,50600.91,50639.48,669.290904,2021-05-14 11:15:00
1620991800000,50639.49,50745.85,50481.33,50745.85,883.478094,2021-05-14 11:30:00
1620992700000,50745.06,50745.86,50478.79,50538.14,647.458758,2021-05-14 11:45:00
1620993600000,50538.13,50624.93,50346.5,50397.41,1138.244393,2021-05-14 12:00:00
1620994500000,50397.41,50475.85,50245.16,50328.03,987.879468,2021-05-14 12:15:00
1620995400000,50328.03,50452.29,50278.58,50377.59,571.907176,2021-05-14 12:30:00
1620996300000,50377.6,50531.69,50226.19,50310.83,637.725336,2021-05-14 12:45:00
1620997200000,50310.83,50400.0,50153.23,50232.67,658.76842,2021-05-14 13:00:00
1620998100000,50231.56,50355.38,50037.0,50349.98,696.160716,2021-05-14 13:15:00
1620999000000,50349.98,50833.33,50333.49,50629.77,981.709474,2021-05-14 13:30:00
1620999900000,50629.77,50977.6,50560.07,50937.18,926.215322,2021-05-14 13:45:00
1621000800000,50937.19,50949.96,50630.01,50720.47,771.726372,2021-05-14 14:00:00
1621001700000,50720.47,50755.21,50539.78,50564.54,622.214504,2021-05-14 14:15:00
1621002600000,50564.54,50748.6,50470.87,50522.4,830.769056,2021-05-14 14:30:00
1621003500000,50520.48,50938.9,50520.28,50873.78,784.330039,2021-05-14 14:45:00
1621004400000,50873.78,51417.85,50873.77,51332.74,1738.365707,2021-05-14 15:00:00
1621005300000,51332.74,51483.0,51128.85,51337.0,937.390499,2021-05-14 15:15:00
1621006200000,51351.0,51400.0,51199.29,51206.16,839.551969,2021-05-14 15:30:00
1621007100000,51208.46,51273.03,51026.99,51211.98,745.294813,2021-05-14 15:45:00
1621008000000,51211.98,51322.41,51050.65,51132.13,965.800867,2021-05-14 16:00:00
1621008900000,51132.13,51305.59,50940.31,51024.52,856.850188,2021-05-14 16:15:00
1621009800000,51026.96,51200.0,50660.59,50728.02,1167.729465,2021-05-14 16:30:00
1621010700000,50728.02,50968.0,50728.01,50809.0,757.569548,2021-05-14 16:45:00
1621011600000,50809.0,51053.74,50731.46,50857.16,888.703401,2021-05-14 17:00:00
1621012500000,50857.16,50894.04,50721.0,50721.01,486.027002,2021-05-14 17:15:00
1621013400000,50721.0,50836.98,50490.26,50658.62,715.117946,2021-05-14 17:30:00
1621014300000,50658.62,50706.64,50556.04,50569.36,542.753802,2021-05-14 17:45:00
1621015200000,50569.37,50679.78,50512.0,50655.17,641.26685,2021-05-14 18:00:00
1621016100000,50655.16,50728.96,50330.62,50382.02,1080.480784,2021-05-14 18:15:00
1621017000000,50382.85,50617.1,50334.89,50384.11,780.656042,2021-05-14 18:30:00
1621017900000,50383.0,50611.33,50356.13,50470.07,935.729185,2021-05-14 18:45:00
1621018800000,50470.89,50479.49,50083.8,50200.0,861.108606,2021-05-14 19:00:00
1621019700000,50200.01,50350.65,50132.08,50178.51,588.877349,2021-05-14 19:15:00
1621020600000,50179.65,50379.87,50179.65,50264.76,625.261624,2021-05-14 19:30:00
1621021500000,50264.77,50271.84,50099.98,50138.09,577.081951,2021-05-14 19:45:00
1621022400000,50141.33,50294.6,50099.42,50254.91,590.30242,2021-05-14 20:00:00
1621023300000,50254.92,50254.92,49675.43,49736.55,922.551954,2021-05-14 20:15:00
1621024200000,49736.56,49758.02,49252.32,49482.95,1508.83211,2021-05-14 20:30:00
1621025100000,49482.94,49686.59,49065.0,49146.02,1197.055544,2021-05-14 20:45:00
1621026000000,49146.01,49504.84,49030.0,49338.97,876.391827,2021-05-14 21:00:00
1621026900000,49338.97,49829.99,49338.96,49706.44,674.173778,2021-05-14 21:15:00
1621027800000,49704.12,49829.05,49503.24,49653.97,344.561071,2021-05-14 21:30:00
1621028700000,49653.97,49848.48,49573.85,49807.18,467.677368,2021-05-14 21:45:00
1621029600000,49810.37,49810.38,49642.76,49750.0,397.101875,2021-05-14 22:00:00
1621030500000,49749.99,49860.58,49613.22,49858.31,447.383898,2021-05-14 22:15:00
1621031400000,49855.84,50142.06,49855.84,49957.83,755.051042,2021-05-14 22:30:00
1621032300000,49957.83,49960.99,49706.54,49912.26,443.440691,2021-05-14 22:45:00
1621033200000,49912.26,50037.95,49730.98,49971.48,639.771881,2021-05-14 23:00:00
1621034100000,49971.48,50188.67,49911.63,49962.8,604.281008,2021-05-14 23:15:00
1621035000000,49962.81,50105.37,49910.74,49941.97,532.897814,2021-05-14 23:30:00
1621035900000,49935.13,49980.0,49800.6,49841.45,529.752862,2021-05-14 23:45:00
1621036800000,49844.16,50320.24,49800.0,50128.79,816.402944,2021-05-15 00:00:00
1621037700000,50128.79,50144.84,49314.85,49557.38,934.269688,2021-05-15 00:15:00
1621038600000,49557.37,49814.93,49300.0,49495.39,698.794387,2021-05-15 00:30:00
1621039500000,49495.4,49697.7,49269.78,49444.7,790.587818,2021-05-15 00:45:00
1621040400000,49444.7,50045.18,49350.5,50042.67,682.144691,2021-05-15 01:00:00
1621041300000,50042.66,50555.0,49947.01,50350.01,805.925727,2021-05-15 01:15:00
1621042200000,50350.01,50362.4,50185.69,50277.64,667.581449,2021-05-15 01:30:00
1621043100000,50277.65,50700.0,50221.76,50619.19,743.444037,2021-05-15 01:45:00
1621044000000,50619.18,50650.73,50418.36,50465.44,561.2717,2021-05-15 02:00:00
1621044900000,50465.45,50509.12,50259.57,50299.98,586.179346,2021-05-15 02:15:00
1621045800000,50299.98,50399.0,50246.54,50299.99,366.531365,2021-05-15 02:30:00
1621046700000,50300.0,50345.45,50020.0,50084.84,629.732566,2021-05-15 02:45:00
1621047600000,50084.83,50084.83,49856.39,49937.98,583.417796,2021-05-15 03:00:00
1621048500000,49936.21,49936.22,49732.25,49810.89,444.894914,2021-05-15 03:15:00
1621049400000,49810.88,49948.0,49792.07,49841.04,445.344917,2021-05-15 03:30:00
1621050300000,49841.04,49869.97,49601.0,49627.01,773.920113,2021-05-15 03:45:00
1621051200000,49627.02,49786.99,49528.1,49672.94,763.244644,2021-05-15 04:00:00
1621052100000,49672.93,49809.8,49670.0,49750.84,428.38208,2021-05-15 04:15:00
1621053000000,49750.84,49750.85,49242.42,49654.77,726.456254,2021-05-15 04:30:00
1621053900000,49657.22,49861.2,49150.92,49322.03,1003.878126,2021-05-15 04:45:00
1621054800000,49322.03,49514.5,49086.75,49484.48,864.779832,2021-05-15 05:00:00
1621055700000,49474.1,49597.08,49233.37,49420.83,577.295027,2021-05-15 05:15:00
1621056600000,49418.46,49524.05,49211.23,49459.8,645.241302,2021-05-15 05:30:00
1621057500000,49460.91,49720.37,49460.91,49666.46,690.091903,2021-05-15 05:45:00
1621058400000,49668.92,49670.68,49191.87,49212.94,702.952637,2021-05-15 06:00:00
1621059300000,49215.83,49700.0,48937.0,49458.73,1348.845243,2021-05-15 06:15:00
1621060200000,49458.73,49650.0,49042.5,49144.5,965.342065,2021-05-15 06:30:00
1621061100000,49144.5,49144.7,48628.72,48971.99,1458.843494,2021-05-15 06:45:00
1621062000000,48972.0,49058.89,48528.0,48752.47,1477.136991,2021-05-15 07:00:00
1621062900000,48752.47,48879.13,48500.0,48853.06,1342.637812,2021-05-15 07:15:00
1621063800000,48853.06,48964.2,48780.0,48896.0,709.792748,2021-05-15 07:30:00
1621064700000,48895.99,49043.25,48400.0,48469.28,1057.282764,2021-05-15 07:45:00
1621065600000,48469.71,48720.15,48203.91,48450.4,1221.252431,2021-05-15 08:00:00
1621066500000,48450.4,48746.5,48316.85,48627.8,848.000402,2021-05-15 08:15:00
1621067400000,48631.6,48845.2,48547.22,48613.5,769.808851,2021-05-15 08:30:00
1621068300000,48613.48,49072.49,48317.08,48826.08,1004.561894,2021-05-15 08:45:00
1621069200000,48826.06,49298.59,48826.06,49080.66,1117.141796,2021-05-15 09:00:00
1621070100000,49079.59,49079.59,48409.65,48488.36,1069.665586,2021-05-15 09:15:00
1621071000000,48499.35,48719.18,48350.0,48592.92,766.95403,2021-05-15 09:30:00
1621071900000,48591.66,48797.12,48350.0,48640.87,821.544627,2021-05-15 09:45:00
1621072800000,48654.24,48654.24,48013.86,48071.23,1697.041212,2021-05-15 10:00:00
1621073700000,48071.24,48229.41,47815.41,47934.01,1467.441698,2021-05-15 10:15:00
1621074600000,47940.82,48341.98,47721.84,48174.46,1260.647265,2021-05-15 10:30:00
1621075500000,48174.46,48500.0,48001.0,48379.9,1067.173019,2021-05-15 10:45:00
1621076400000,48379.89,48729.0,48343.42,48619.83,1000.416024,2021-05-15 11:00:00
1621077300000,48619.84,48841.87,48562.43,48727.6,593.870175,2021-05-15 11:15:00
1621078200000,48727.6,48750.0,48444.15,48732.77,604.38693,2021-05-15 11:30:00
1621079100000,48732.75,49000.0,48568.79,48929.74,825.665005,2021-05-15 11:45:00
1621080000000,48929.73,48973.97,48728.04,48768.2,688.769431,2021-05-15 12:00:00
1621080900000,48768.21,48956.96,48636.58,48848.74,617.122607,2021-05-15 12:15:00
1621081800000,48848.74,49364.8,48829.74,49128.55,1223.272465,2021-05-15 12:30:00
1621082700000,49135.36,49288.0,49041.59,49167.21,676.005571,2021-05-15 12:45:00
1621083600000,49167.22,49340.68,49112.16,49161.5,694.126271,2021-05-15 13:00:00
1621084500000,49161.51,49171.88,48920.43,49051.58,648.500838,2021-05-15 13:15:00
1621085400000,49051.57,49331.75,48527.07,49234.55,1134.321225,2021-05-15 13:30:00
1621086300000,49234.54,49334.31,48842.1,48995.02,764.660424,2021-05-15 13:45:00
1621087200000,48995.02,49515.0,48920.85,49235.19,1312.030355,2021-05-15 14:00:00
1621088100000,49235.19,49235.2,48858.27,48921.04,1030.838589,2021-05-15 14:15:00
1621089000000,48923.6,49318.16,48832.0,49265.41,1064.123194,2021-05-15 14:30:00
1621089900000,49265.41,49697.63,49178.0,49389.58,1830.197243,2021-05-15 14:45:00
1621090800000,49389.58,49585.49,49240.5,49344.76,1087.948866,2021-05-15 15:00:00
1621091700000,49344.76,49380.0,49136.36,49253.22,615.78894,2021-05-15 15:15:00
1621092600000,49253.22,49293.64,48955.55,49027.75,755.140671,2021-05-15 15:30:00
1621093500000,49027.76,49047.33,48834.82,48982.99,771.438296,2021-05-15 15:45:00
1621094400000,48983.0,48994.27,48109.12,48303.95,1790.548616,2021-05-15 16:00:00
1621095300000,48303.96,48491.95,47813.21,47833.92,1504.83465,2021-05-15 16:15:00
1621096200000,47830.92,48112.37,47556.0,47877.0,1848.38968,2021-05-15 16:30:00
1621097100000,47877.0,48042.13,47534.0,47876.71,1568.780698,2021-05-15 16:45:00
1621098000000,47875.46,47958.0,47399.3,47516.39,1626.768385,2021-05-15 17:00:00
1621098900000,47516.39,48000.09,47444.24,47723.28,1424.059526,2021-05-15 17:15:00
1621099800000,47725.13,48234.16,47715.52,48124.16,1066.359054,2021-05-15 17:30:00
1621100700000,48124.16,48149.99,47751.64,47801.08,793.784816,2021-05-15 17:45:00
1621101600000,47801.07,48200.0,47447.36,47835.31,945.630799,2021-05-15 18:00:00
1621102500000,47835.31,48105.0,47595.74,48043.78,1013.756812,2021-05-15 18:15:00
1621103400000,48043.78,48117.75,47777.01,47848.89,683.616106,2021-05-15 18:30:00
1621104300000,47840.67,48077.55,47802.0,47890.07,513.239892,2021-05-15 18:45:00
1621105200000,47890.72,48045.72,47480.0,47533.93,737.215735,2021-05-15 19:00:00
1621106100000,47533.93,47659.96,47020.0,47144.66,1834.885503,2021-05-15 19:15:00
1621107000000,47144.72,47610.42,46900.0,47595.14,1635.66342,2021-05-15 19:30:00
1621107900000,47595.14,48108.61,47575.67,48108.4,1291.55024,2021-05-15 19:45:00
1621108800000,48108.4,48506.53,48037.25,48348.66,1146.959586,2021-05-15 20:00:00
1621109700000,48348.66,48655.0,48119.0,48442.06,896.073815,2021-05-15 20:15:00
1621110600000,48442.06,48478.78,48300.9,48316.13,537.328486,2021-05-15 20:30:00
1621111500000,48316.13,48425.15,48090.25,48219.31,535.114708,2021-05-15 20:45:00
1621112400000,48219.41,48615.14,48209.01,48368.66,483.468728,2021-05-15 21:00:00
1621113300000,48368.66,48498.86,48250.0,48422.18,370.798492,2021-05-15 21:15:00
1621114200000,48422.4,48738.75,48285.58,48540.07,472.348103,2021-05-15 21:30:00
1621115100000,48540.08,48623.6,48361.61,48419.76,448.717518,2021-05-15 21:45:00
1621116000000,48419.74,48580.12,48310.89,48554.18,654.896392,2021-05-15 22:00:00
1621116900000,48554.18,48688.83,48417.11,48417.93,539.271325,2021-05-15 22:15:00
1621117800000,48417.93,48482.28,47733.0,47877.88,1066.899988,2021-05-15 22:30:00
1621118700000,47877.88,48311.66,47877.87,47964.69,657.95614,2021-05-15 22:45:00
1621119600000,47971.98,48049.93,47555.0,47666.62,950.754022,2021-05-15 23:00:00
1621120500000,47666.63,47835.99,47303.04,47436.68,866.202533,2021-05-15 23:15:00
1621121400000,47436.69,47536.12,46565.0,46772.81,1841.606188,2021-05-15 23:30:00
1621122300000,46773.01,47123.74,46555.0,46762.99,1347.467092,2021-05-15 23:45:00
1621123200000,46762.99,47554.72,46467.0,47534.37,2396.336915,2021-05-16 00:00:00
1621124100000,47534.37,47697.88,47364.11,47482.82,1194.433413,2021-05-16 00:15:00
1621125000000,47482.83,47698.0,47109.43,47222.9,861.120819,2021-05-16 00:30:00
1621125900000,47220.98,47482.0,46924.62,47283.43,987.41706,2021-05-16 00:45:00
1621126800000,47282.38,48121.05,47282.37,48078.67,993.165592,2021-05-16 01:00:00
1621127700000,48078.67,48117.08,47804.07,47931.71,748.087476,2021-05-16 01:15:00
1621128600000,47923.58,47961.81,47687.74,47948.41,636.03378,2021-05-16 01:30:00
1621129500000,47948.4,48215.96,47936.75,48059.99,628.178378,2021-05-16 01:45:00
1621130400000,48059.99,48242.38,47952.56,47958.72,610.476969,2021-05-16 02:00:00
1621131300000,47958.73,48182.8,47958.73,48176.73,428.483948,2021-05-16 02:15:00
1621132200000,48176.73,48217.3,48003.12,48009.08,436.720803,2021-05-16 02:30:00
1621133100000,48009.08,48326.62,48009.07,48150.01,676.079327,2021-05-16 02:45:00
1621134000000,48144.25,48349.0,48010.01,48010.01,484.078365,2021-05-16 03:00:00
1621134900000,48015.82,48119.36,47747.7,47772.99,565.143997,2021-05-16 03:15:00
1621135800000,47772.98,47967.65,47762.61,47883.89,537.545932,2021-05-16 03:30:00
1621136700000,47885.86,48406.44,47853.99,48383.46,617.798608,2021-05-16 03:45:00
1621137600000,48386.62,48951.01,48352.0,48406.07,1025.980648,2021-05-16 04:00:00
1621138500000,48406.07,48479.56,48298.34,48367.04,418.528503,2021-05-16 04:15:00
1621139400000,48368.21,48374.59,48177.0,48213.16,465.309123,2021-05-16 04:30:00
1621140300000,48209.42,48299.9,48051.38,48102.77,362.434164,2021-05-16 04:45:00
1621141200000,48102.77,48354.2,48034.82,48049.38,494.055345,2021-05-16 05:00:00
1621142100000,48049.38,48286.39,48048.42,48170.01,378.126895,2021-05-16 05:15:00
1621143000000,48170.01,48292.51,48094.82,48251.54,392.340789,2021-05-16 05:30:00
1621143900000,48251.54,48324.78,48096.02,48165.86,385.688512,2021-05-16 05:45:00
1621144800000,48165.86,49333.0,48135.39,49313.71,1422.298494,2021-05-16 06:00:00
1621145700000,49313.71,49500.0,49116.4,49120.83,1487.119273,2021-05-16 06:15:00
1621146600000,49122.47,49299.0,49116.5,49117.48,703.95321,2021-05-16 06:30:00
1621147500000,49117.48,49228.5,49013.45,49047.97,579.557926,2021-05-16 06:45:00
1621148400000,49047.97,49090.0,48875.0,48956.42,694.093967,2021-05-16 07:00:00
1621149300000,48956.42,49121.95,48852.68,48908.15,475.184338,2021-05-16 07:15:00
1621150200000,48908.15,48966.32,48825.31,48908.08,531.665476,2021-05-16 07:30:00
1621151100000,48904.7,49400.0,48900.37,49375.28,985.696712,2021-05-16 07:45:00
1621152000000,49375.28,49437.46,48800.0,49049.99,920.400775,2021-05-16 08:00:00
1621152900000,49049.99,49050.0,48835.7,48865.67,468.545684,2021-05-16 08:15:00
1621153800000,48865.67,48961.31,48656.0,48894.62,581.884938,2021-05-16 08:30:00
1621154700000,48894.62,49042.11,48888.01,48975.64,147.835345,2021-05-16 08:45:00
